Fault 0:
0 2 4 6 9 11 12 15 17 19 21 23 25 27 
0 2 4 6 9 11 13 14 17 19 21 23 25 27 
0 2 5 6 9 11 12 15 17 19 21 23 25 26 
0 2 5 6 9 11 13 14 17 19 21 23 25 26 
0 3 4 6 9 11 12 15 17 19 21 23 25 27 
0 3 4 6 9 11 13 14 17 19 21 23 25 27 
0 3 5 6 9 11 12 15 17 19 21 23 25 26 
0 3 5 6 9 11 13 14 17 19 21 23 25 26 
1 2 4 6 9 11 12 15 17 19 21 23 25 27 
1 2 4 6 9 11 13 14 17 19 21 23 25 27 
1 2 5 6 9 11 12 15 17 19 21 23 25 26 
1 2 5 6 9 11 13 14 17 19 21 23 25 26 
1 3 4 6 9 11 12 15 17 19 21 23 25 27 
1 3 4 6 9 11 13 14 17 19 21 23 25 27 
1 3 5 6 9 11 12 15 17 19 21 23 25 26 
1 3 5 6 9 11 13 14 17 19 21 23 25 26 

Fault 1:
0 2 4 6 9 11 13 15 16 19 21 23 25 27 
0 2 4 6 9 11 13 15 17 18 21 23 25 27 
0 2 4 6 9 11 13 15 17 19 20 23 25 27 
0 2 4 6 9 11 13 15 17 19 21 22 25 27 
0 2 4 6 9 11 13 15 17 19 21 23 24 27 
0 2 4 6 9 11 13 15 17 19 21 23 25 27 
0 2 4 7 8 11 13 15 17 19 21 23 25 27 
0 2 4 7 9 11 13 15 16 19 21 23 25 27 
0 2 4 7 9 11 13 15 17 18 21 23 25 27 
0 2 4 7 9 11 13 15 17 19 20 23 25 27 
0 2 4 7 9 11 13 15 17 19 21 22 25 27 
0 2 4 7 9 11 13 15 17 19 21 23 24 27 
0 2 4 7 9 11 13 15 17 19 21 23 25 27 
0 2 5 6 8 11 13 15 17 19 21 23 25 26 
0 2 5 6 9 11 13 15 16 19 21 23 25 26 
0 2 5 6 9 11 13 15 17 18 21 23 25 26 
0 2 5 6 9 11 13 15 17 19 20 23 25 26 
0 2 5 6 9 11 13 15 17 19 21 22 25 26 
0 2 5 6 9 11 13 15 17 19 21 23 24 26 
0 2 5 6 9 11 13 15 17 19 21 23 25 26 
0 2 5 7 8 11 13 15 17 19 21 23 25 26 
0 2 5 7 9 11 13 15 16 19 21 23 25 26 
0 2 5 7 9 11 13 15 17 18 21 23 25 26 
0 2 5 7 9 11 13 15 17 19 20 23 25 26 
0 2 5 7 9 11 13 15 17 19 21 22 25 26 
0 2 5 7 9 11 13 15 17 19 21 23 24 26 
0 2 5 7 9 11 13 15 17 19 21 23 25 26 
0 3 4 6 8 11 13 15 17 19 21 23 25 27 
0 3 4 6 9 11 13 15 16 19 21 23 25 27 
0 3 4 6 9 11 13 15 17 18 21 23 25 27 
0 3 4 6 9 11 13 15 17 19 20 23 25 27 
0 3 4 6 9 11 13 15 17 19 21 22 25 27 
0 3 4 6 9 11 13 15 17 19 21 23 24 27 
0 3 4 6 9 11 13 15 17 19 21 23 25 27 
0 3 4 7 8 11 13 15 17 19 21 23 25 27 
0 3 4 7 9 11 13 15 16 19 21 23 25 27 
0 3 4 7 9 11 13 15 17 18 21 23 25 27 
0 3 4 7 9 11 13 15 17 19 20 23 25 27 
0 3 4 7 9 11 13 15 17 19 21 22 25 27 
0 3 4 7 9 11 13 15 17 19 21 23 24 27 
0 3 4 7 9 11 13 15 17 19 21 23 25 27 
0 3 5 6 8 11 13 15 17 19 21 23 25 26 
0 3 5 6 9 11 13 15 16 19 21 23 25 26 
0 3 5 6 9 11 13 15 17 18 21 23 25 26 
0 3 5 6 9 11 13 15 17 19 20 23 25 26 
0 3 5 6 9 11 13 15 17 19 21 22 25 26 
0 3 5 6 9 11 13 15 17 19 21 23 24 26 
0 3 5 6 9 11 13 15 17 19 21 23 25 26 
0 3 5 7 8 11 13 15 17 19 21 23 25 26 
0 3 5 7 9 11 13 15 16 19 21 23 25 26 
0 3 5 7 9 11 13 15 17 18 21 23 25 26 
0 3 5 7 9 11 13 15 17 19 20 23 25 26 
0 3 5 7 9 11 13 15 17 19 21 22 25 26 
0 3 5 7 9 11 13 15 17 19 21 23 24 26 
0 3 5 7 9 11 13 15 17 19 21 23 25 26 
1 2 4 6 8 11 13 15 17 19 21 23 25 27 
1 2 4 6 9 11 13 15 16 19 21 23 25 27 
1 2 4 6 9 11 13 15 17 18 21 23 25 27 
1 2 4 6 9 11 13 15 17 19 20 23 25 27 
1 2 4 6 9 11 13 15 17 19 21 22 25 27 
1 2 4 6 9 11 13 15 17 19 21 23 24 27 
1 2 4 6 9 11 13 15 17 19 21 23 25 27 
1 2 4 7 8 11 13 15 17 19 21 23 25 27 
1 2 4 7 9 11 13 15 16 19 21 23 25 27 
1 2 4 7 9 11 13 15 17 18 21 23 25 27 
1 2 4 7 9 11 13 15 17 19 20 23 25 27 
1 2 4 7 9 11 13 15 17 19 21 22 25 27 
1 2 4 7 9 11 13 15 17 19 21 23 24 27 
1 2 4 7 9 11 13 15 17 19 21 23 25 27 
1 2 5 6 8 11 13 15 17 19 21 23 25 26 
1 2 5 6 9 11 13 15 16 19 21 23 25 26 
1 2 5 6 9 11 13 15 17 18 21 23 25 26 
1 2 5 6 9 11 13 15 17 19 20 23 25 26 
1 2 5 6 9 11 13 15 17 19 21 22 25 26 
1 2 5 6 9 11 13 15 17 19 21 23 24 26 
1 2 5 6 9 11 13 15 17 19 21 23 25 26 
1 2 5 7 8 11 13 15 17 19 21 23 25 26 
1 2 5 7 9 11 13 15 16 19 21 23 25 26 
1 2 5 7 9 11 13 15 17 18 21 23 25 26 
1 2 5 7 9 11 13 15 17 19 20 23 25 26 
1 2 5 7 9 11 13 15 17 19 21 22 25 26 
1 2 5 7 9 11 13 15 17 19 21 23 24 26 
1 2 5 7 9 11 13 15 17 19 21 23 25 26 
1 3 4 6 8 11 13 15 17 19 21 23 25 27 
1 3 4 6 9 11 13 15 16 19 21 23 25 27 
1 3 4 6 9 11 13 15 17 18 21 23 25 27 
1 3 4 6 9 11 13 15 17 19 20 23 25 27 
1 3 4 6 9 11 13 15 17 19 21 22 25 27 
1 3 4 6 9 11 13 15 17 19 21 23 24 27 
1 3 4 6 9 11 13 15 17 19 21 23 25 27 
1 3 4 7 8 11 13 15 17 19 21 23 25 27 
1 3 4 7 9 11 13 15 16 19 21 23 25 27 
1 3 4 7 9 11 13 15 17 18 21 23 25 27 
1 3 4 7 9 11 13 15 17 19 20 23 25 27 
1 3 4 7 9 11 13 15 17 19 21 22 25 27 
1 3 4 7 9 11 13 15 17 19 21 23 24 27 
1 3 4 7 9 11 13 15 17 19 21 23 25 27 
1 3 5 6 8 11 13 15 17 19 21 23 25 26 
1 3 5 6 9 11 13 15 16 19 21 23 25 26 
1 3 5 6 9 11 13 15 17 18 21 23 25 26 
1 3 5 6 9 11 13 15 17 19 20 23 25 26 
1 3 5 6 9 11 13 15 17 19 21 22 25 26 
1 3 5 6 9 11 13 15 17 19 21 23 24 26 
1 3 5 6 9 11 13 15 17 19 21 23 25 26 
1 3 5 7 8 11 13 15 17 19 21 23 25 26 
1 3 5 7 9 11 13 15 16 19 21 23 25 26 
1 3 5 7 9 11 13 15 17 18 21 23 25 26 
1 3 5 7 9 11 13 15 17 19 20 23 25 26 
1 3 5 7 9 11 13 15 17 19 21 22 25 26 
1 3 5 7 9 11 13 15 17 19 21 23 24 26 
1 3 5 7 9 11 13 15 17 19 21 23 25 26 

Fault 2:
0 2 4 6 9 10 13 15 17 19 21 23 25 27 
0 2 4 6 9 11 12 15 17 19 21 23 25 27 
0 2 4 6 9 11 13 15 16 19 21 23 25 27 
0 2 4 6 9 11 13 15 17 18 21 23 25 27 
0 2 4 6 9 11 13 15 17 19 20 23 25 27 
0 2 4 6 9 11 13 15 17 19 21 22 25 27 
0 2 4 6 9 11 13 15 17 19 21 23 24 27 
0 2 4 6 9 11 13 15 17 19 21 23 25 27 
0 2 4 7 8 11 13 15 17 19 21 23 25 27 
0 2 4 7 9 10 13 15 17 19 21 23 25 27 
0 2 4 7 9 11 12 15 17 19 21 23 25 27 
0 2 4 7 9 11 13 15 16 19 21 23 25 27 
0 2 4 7 9 11 13 15 17 18 21 23 25 27 
0 2 4 7 9 11 13 15 17 19 20 23 25 27 
0 2 4 7 9 11 13 15 17 19 21 22 25 27 
0 2 4 7 9 11 13 15 17 19 21 23 24 27 
0 2 4 7 9 11 13 15 17 19 21 23 25 27 
0 2 5 6 8 11 13 15 17 19 21 23 25 26 
0 2 5 6 9 10 13 15 17 19 21 23 25 26 
0 2 5 6 9 11 12 15 17 19 21 23 25 26 
0 2 5 6 9 11 13 15 16 19 21 23 25 26 
0 2 5 6 9 11 13 15 17 18 21 23 25 26 
0 2 5 6 9 11 13 15 17 19 20 23 25 26 
0 2 5 6 9 11 13 15 17 19 21 22 25 26 
0 2 5 6 9 11 13 15 17 19 21 23 24 26 
0 2 5 6 9 11 13 15 17 19 21 23 25 26 
0 2 5 7 8 11 13 15 17 19 21 23 25 26 
0 2 5 7 9 10 13 15 17 19 21 23 25 26 
0 2 5 7 9 11 12 15 17 19 21 23 25 26 
0 2 5 7 9 11 13 15 16 19 21 23 25 26 
0 2 5 7 9 11 13 15 17 18 21 23 25 26 
0 2 5 7 9 11 13 15 17 19 20 23 25 26 
0 2 5 7 9 11 13 15 17 19 21 22 25 26 
0 2 5 7 9 11 13 15 17 19 21 23 24 26 
0 2 5 7 9 11 13 15 17 19 21 23 25 26 
0 3 4 6 8 11 13 15 17 19 21 23 25 27 
0 3 4 6 9 10 13 15 17 19 21 23 25 27 
0 3 4 6 9 11 12 15 17 19 21 23 25 27 
0 3 4 6 9 11 13 15 16 19 21 23 25 27 
0 3 4 6 9 11 13 15 17 18 21 23 25 27 
0 3 4 6 9 11 13 15 17 19 20 23 25 27 
0 3 4 6 9 11 13 15 17 19 21 22 25 27 
0 3 4 6 9 11 13 15 17 19 21 23 24 27 
0 3 4 6 9 11 13 15 17 19 21 23 25 27 
0 3 4 7 8 11 13 15 17 19 21 23 25 27 
0 3 4 7 9 10 13 15 17 19 21 23 25 27 
0 3 4 7 9 11 12 15 17 19 21 23 25 27 
0 3 4 7 9 11 13 15 16 19 21 23 25 27 
0 3 4 7 9 11 13 15 17 18 21 23 25 27 
0 3 4 7 9 11 13 15 17 19 20 23 25 27 
0 3 4 7 9 11 13 15 17 19 21 22 25 27 
0 3 4 7 9 11 13 15 17 19 21 23 24 27 
0 3 4 7 9 11 13 15 17 19 21 23 25 27 
0 3 5 6 8 11 13 15 17 19 21 23 25 26 
0 3 5 6 9 10 13 15 17 19 21 23 25 26 
0 3 5 6 9 11 12 15 17 19 21 23 25 26 
0 3 5 6 9 11 13 15 16 19 21 23 25 26 
0 3 5 6 9 11 13 15 17 18 21 23 25 26 
0 3 5 6 9 11 13 15 17 19 20 23 25 26 
0 3 5 6 9 11 13 15 17 19 21 22 25 26 
0 3 5 6 9 11 13 15 17 19 21 23 24 26 
0 3 5 6 9 11 13 15 17 19 21 23 25 26 
0 3 5 7 8 11 13 15 17 19 21 23 25 26 
0 3 5 7 9 10 13 15 17 19 21 23 25 26 
0 3 5 7 9 11 12 15 17 19 21 23 25 26 
0 3 5 7 9 11 13 15 16 19 21 23 25 26 
0 3 5 7 9 11 13 15 17 18 21 23 25 26 
0 3 5 7 9 11 13 15 17 19 20 23 25 26 
0 3 5 7 9 11 13 15 17 19 21 22 25 26 
0 3 5 7 9 11 13 15 17 19 21 23 24 26 
0 3 5 7 9 11 13 15 17 19 21 23 25 26 
1 2 4 6 8 11 13 15 17 19 21 23 25 27 
1 2 4 6 9 10 13 15 17 19 21 23 25 27 
1 2 4 6 9 11 12 15 17 19 21 23 25 27 
1 2 4 6 9 11 13 15 16 19 21 23 25 27 
1 2 4 6 9 11 13 15 17 18 21 23 25 27 
1 2 4 6 9 11 13 15 17 19 20 23 25 27 
1 2 4 6 9 11 13 15 17 19 21 22 25 27 
1 2 4 6 9 11 13 15 17 19 21 23 24 27 
1 2 4 6 9 11 13 15 17 19 21 23 25 27 
1 2 4 7 8 11 13 15 17 19 21 23 25 27 
1 2 4 7 9 10 13 15 17 19 21 23 25 27 
1 2 4 7 9 11 12 15 17 19 21 23 25 27 
1 2 4 7 9 11 13 15 16 19 21 23 25 27 
1 2 4 7 9 11 13 15 17 18 21 23 25 27 
1 2 4 7 9 11 13 15 17 19 20 23 25 27 
1 2 4 7 9 11 13 15 17 19 21 22 25 27 
1 2 4 7 9 11 13 15 17 19 21 23 24 27 
1 2 4 7 9 11 13 15 17 19 21 23 25 27 
1 2 5 6 8 11 13 15 17 19 21 23 25 26 
1 2 5 6 9 10 13 15 17 19 21 23 25 26 
1 2 5 6 9 11 12 15 17 19 21 23 25 26 
1 2 5 6 9 11 13 15 16 19 21 23 25 26 
1 2 5 6 9 11 13 15 17 18 21 23 25 26 
1 2 5 6 9 11 13 15 17 19 20 23 25 26 
1 2 5 6 9 11 13 15 17 19 21 22 25 26 
1 2 5 6 9 11 13 15 17 19 21 23 24 26 
1 2 5 6 9 11 13 15 17 19 21 23 25 26 
1 2 5 7 8 11 13 15 17 19 21 23 25 26 
1 2 5 7 9 10 13 15 17 19 21 23 25 26 
1 2 5 7 9 11 12 15 17 19 21 23 25 26 
1 2 5 7 9 11 13 15 16 19 21 23 25 26 
1 2 5 7 9 11 13 15 17 18 21 23 25 26 
1 2 5 7 9 11 13 15 17 19 20 23 25 26 
1 2 5 7 9 11 13 15 17 19 21 22 25 26 
1 2 5 7 9 11 13 15 17 19 21 23 24 26 
1 2 5 7 9 11 13 15 17 19 21 23 25 26 
1 3 4 6 8 11 13 15 17 19 21 23 25 27 
1 3 4 6 9 10 13 15 17 19 21 23 25 27 
1 3 4 6 9 11 12 15 17 19 21 23 25 27 
1 3 4 6 9 11 13 15 16 19 21 23 25 27 
1 3 4 6 9 11 13 15 17 18 21 23 25 27 
1 3 4 6 9 11 13 15 17 19 20 23 25 27 
1 3 4 6 9 11 13 15 17 19 21 22 25 27 
1 3 4 6 9 11 13 15 17 19 21 23 24 27 
1 3 4 6 9 11 13 15 17 19 21 23 25 27 
1 3 4 7 8 11 13 15 17 19 21 23 25 27 
1 3 4 7 9 10 13 15 17 19 21 23 25 27 
1 3 4 7 9 11 12 15 17 19 21 23 25 27 
1 3 4 7 9 11 13 15 16 19 21 23 25 27 
1 3 4 7 9 11 13 15 17 18 21 23 25 27 
1 3 4 7 9 11 13 15 17 19 20 23 25 27 
1 3 4 7 9 11 13 15 17 19 21 22 25 27 
1 3 4 7 9 11 13 15 17 19 21 23 24 27 
1 3 4 7 9 11 13 15 17 19 21 23 25 27 
1 3 5 6 8 11 13 15 17 19 21 23 25 26 
1 3 5 6 9 10 13 15 17 19 21 23 25 26 
1 3 5 6 9 11 12 15 17 19 21 23 25 26 
1 3 5 6 9 11 13 15 16 19 21 23 25 26 
1 3 5 6 9 11 13 15 17 18 21 23 25 26 
1 3 5 6 9 11 13 15 17 19 20 23 25 26 
1 3 5 6 9 11 13 15 17 19 21 22 25 26 
1 3 5 6 9 11 13 15 17 19 21 23 24 26 
1 3 5 6 9 11 13 15 17 19 21 23 25 26 
1 3 5 7 8 11 13 15 17 19 21 23 25 26 
1 3 5 7 9 10 13 15 17 19 21 23 25 26 
1 3 5 7 9 11 12 15 17 19 21 23 25 26 
1 3 5 7 9 11 13 15 16 19 21 23 25 26 
1 3 5 7 9 11 13 15 17 18 21 23 25 26 
1 3 5 7 9 11 13 15 17 19 20 23 25 26 
1 3 5 7 9 11 13 15 17 19 21 22 25 26 
1 3 5 7 9 11 13 15 17 19 21 23 24 26 
1 3 5 7 9 11 13 15 17 19 21 23 25 26 

Fault 3:
0 2 4 6 9 10 13 15 17 19 21 23 25 27 
0 2 4 6 9 11 12 15 17 19 21 23 25 27 
0 2 4 6 9 11 13 15 16 19 21 23 25 27 
0 2 4 6 9 11 13 15 17 18 21 23 25 27 
0 2 4 6 9 11 13 15 17 19 20 23 25 27 
0 2 4 6 9 11 13 15 17 19 21 22 25 27 
0 2 4 6 9 11 13 15 17 19 21 23 24 27 
0 2 4 6 9 11 13 15 17 19 21 23 25 27 
0 2 4 7 8 11 13 15 17 19 21 23 25 27 
0 2 4 7 9 10 13 15 17 19 21 23 25 27 
0 2 4 7 9 11 12 15 17 19 21 23 25 27 
0 2 4 7 9 11 13 15 16 19 21 23 25 27 
0 2 4 7 9 11 13 15 17 18 21 23 25 27 
0 2 4 7 9 11 13 15 17 19 20 23 25 27 
0 2 4 7 9 11 13 15 17 19 21 22 25 27 
0 2 4 7 9 11 13 15 17 19 21 23 24 27 
0 2 4 7 9 11 13 15 17 19 21 23 25 27 
0 2 5 6 8 11 13 15 17 19 21 23 25 26 
0 2 5 6 9 10 13 15 17 19 21 23 25 26 
0 2 5 6 9 11 12 15 17 19 21 23 25 26 
0 2 5 6 9 11 13 15 16 19 21 23 25 26 
0 2 5 6 9 11 13 15 17 18 21 23 25 26 
0 2 5 6 9 11 13 15 17 19 20 23 25 26 
0 2 5 6 9 11 13 15 17 19 21 22 25 26 
0 2 5 6 9 11 13 15 17 19 21 23 24 26 
0 2 5 6 9 11 13 15 17 19 21 23 25 26 
0 2 5 7 8 11 13 15 17 19 21 23 25 26 
0 2 5 7 9 10 13 15 17 19 21 23 25 26 
0 2 5 7 9 11 12 15 17 19 21 23 25 26 
0 2 5 7 9 11 13 15 16 19 21 23 25 26 
0 2 5 7 9 11 13 15 17 18 21 23 25 26 
0 2 5 7 9 11 13 15 17 19 20 23 25 26 
0 2 5 7 9 11 13 15 17 19 21 22 25 26 
0 2 5 7 9 11 13 15 17 19 21 23 24 26 
0 2 5 7 9 11 13 15 17 19 21 23 25 26 
0 3 4 6 8 11 13 15 17 19 21 23 25 27 
0 3 4 6 9 10 13 15 17 19 21 23 25 27 
0 3 4 6 9 11 12 15 17 19 21 23 25 27 
0 3 4 6 9 11 13 15 16 19 21 23 25 27 
0 3 4 6 9 11 13 15 17 18 21 23 25 27 
0 3 4 6 9 11 13 15 17 19 20 23 25 27 
0 3 4 6 9 11 13 15 17 19 21 22 25 27 
0 3 4 6 9 11 13 15 17 19 21 23 24 27 
0 3 4 6 9 11 13 15 17 19 21 23 25 27 
0 3 4 7 8 11 13 15 17 19 21 23 25 27 
0 3 4 7 9 10 13 15 17 19 21 23 25 27 
0 3 4 7 9 11 12 15 17 19 21 23 25 27 
0 3 4 7 9 11 13 15 16 19 21 23 25 27 
0 3 4 7 9 11 13 15 17 18 21 23 25 27 
0 3 4 7 9 11 13 15 17 19 20 23 25 27 
0 3 4 7 9 11 13 15 17 19 21 22 25 27 
0 3 4 7 9 11 13 15 17 19 21 23 24 27 
0 3 4 7 9 11 13 15 17 19 21 23 25 27 
0 3 5 6 8 11 13 15 17 19 21 23 25 26 
0 3 5 6 9 10 13 15 17 19 21 23 25 26 
0 3 5 6 9 11 12 15 17 19 21 23 25 26 
0 3 5 6 9 11 13 15 16 19 21 23 25 26 
0 3 5 6 9 11 13 15 17 18 21 23 25 26 
0 3 5 6 9 11 13 15 17 19 20 23 25 26 
0 3 5 6 9 11 13 15 17 19 21 22 25 26 
0 3 5 6 9 11 13 15 17 19 21 23 24 26 
0 3 5 6 9 11 13 15 17 19 21 23 25 26 
0 3 5 7 8 11 13 15 17 19 21 23 25 26 
0 3 5 7 9 10 13 15 17 19 21 23 25 26 
0 3 5 7 9 11 12 15 17 19 21 23 25 26 
0 3 5 7 9 11 13 15 16 19 21 23 25 26 
0 3 5 7 9 11 13 15 17 18 21 23 25 26 
0 3 5 7 9 11 13 15 17 19 20 23 25 26 
0 3 5 7 9 11 13 15 17 19 21 22 25 26 
0 3 5 7 9 11 13 15 17 19 21 23 24 26 
0 3 5 7 9 11 13 15 17 19 21 23 25 26 
1 2 4 6 8 11 13 15 17 19 21 23 25 27 
1 2 4 6 9 10 13 15 17 19 21 23 25 27 
1 2 4 6 9 11 12 15 17 19 21 23 25 27 
1 2 4 6 9 11 13 15 16 19 21 23 25 27 
1 2 4 6 9 11 13 15 17 18 21 23 25 27 
1 2 4 6 9 11 13 15 17 19 20 23 25 27 
1 2 4 6 9 11 13 15 17 19 21 22 25 27 
1 2 4 6 9 11 13 15 17 19 21 23 24 27 
1 2 4 6 9 11 13 15 17 19 21 23 25 27 
1 2 4 7 8 11 13 15 17 19 21 23 25 27 
1 2 4 7 9 10 13 15 17 19 21 23 25 27 
1 2 4 7 9 11 12 15 17 19 21 23 25 27 
1 2 4 7 9 11 13 15 16 19 21 23 25 27 
1 2 4 7 9 11 13 15 17 18 21 23 25 27 
1 2 4 7 9 11 13 15 17 19 20 23 25 27 
1 2 4 7 9 11 13 15 17 19 21 22 25 27 
1 2 4 7 9 11 13 15 17 19 21 23 24 27 
1 2 4 7 9 11 13 15 17 19 21 23 25 27 
1 2 5 6 8 11 13 15 17 19 21 23 25 26 
1 2 5 6 9 10 13 15 17 19 21 23 25 26 
1 2 5 6 9 11 12 15 17 19 21 23 25 26 
1 2 5 6 9 11 13 15 16 19 21 23 25 26 
1 2 5 6 9 11 13 15 17 18 21 23 25 26 
1 2 5 6 9 11 13 15 17 19 20 23 25 26 
1 2 5 6 9 11 13 15 17 19 21 22 25 26 
1 2 5 6 9 11 13 15 17 19 21 23 24 26 
1 2 5 6 9 11 13 15 17 19 21 23 25 26 
1 2 5 7 8 11 13 15 17 19 21 23 25 26 
1 2 5 7 9 10 13 15 17 19 21 23 25 26 
1 2 5 7 9 11 12 15 17 19 21 23 25 26 
1 2 5 7 9 11 13 15 16 19 21 23 25 26 
1 2 5 7 9 11 13 15 17 18 21 23 25 26 
1 2 5 7 9 11 13 15 17 19 20 23 25 26 
1 2 5 7 9 11 13 15 17 19 21 22 25 26 
1 2 5 7 9 11 13 15 17 19 21 23 24 26 
1 2 5 7 9 11 13 15 17 19 21 23 25 26 
1 3 4 6 8 11 13 15 17 19 21 23 25 27 
1 3 4 6 9 10 13 15 17 19 21 23 25 27 
1 3 4 6 9 11 12 15 17 19 21 23 25 27 
1 3 4 6 9 11 13 15 16 19 21 23 25 27 
1 3 4 6 9 11 13 15 17 18 21 23 25 27 
1 3 4 6 9 11 13 15 17 19 20 23 25 27 
1 3 4 6 9 11 13 15 17 19 21 22 25 27 
1 3 4 6 9 11 13 15 17 19 21 23 24 27 
1 3 4 6 9 11 13 15 17 19 21 23 25 27 
1 3 4 7 8 11 13 15 17 19 21 23 25 27 
1 3 4 7 9 10 13 15 17 19 21 23 25 27 
1 3 4 7 9 11 12 15 17 19 21 23 25 27 
1 3 4 7 9 11 13 15 16 19 21 23 25 27 
1 3 4 7 9 11 13 15 17 18 21 23 25 27 
1 3 4 7 9 11 13 15 17 19 20 23 25 27 
1 3 4 7 9 11 13 15 17 19 21 22 25 27 
1 3 4 7 9 11 13 15 17 19 21 23 24 27 
1 3 4 7 9 11 13 15 17 19 21 23 25 27 
1 3 5 6 8 11 13 15 17 19 21 23 25 26 
1 3 5 6 9 10 13 15 17 19 21 23 25 26 
1 3 5 6 9 11 12 15 17 19 21 23 25 26 
1 3 5 6 9 11 13 15 16 19 21 23 25 26 
1 3 5 6 9 11 13 15 17 18 21 23 25 26 
1 3 5 6 9 11 13 15 17 19 20 23 25 26 
1 3 5 6 9 11 13 15 17 19 21 22 25 26 
1 3 5 6 9 11 13 15 17 19 21 23 24 26 
1 3 5 6 9 11 13 15 17 19 21 23 25 26 
1 3 5 7 8 11 13 15 17 19 21 23 25 26 
1 3 5 7 9 10 13 15 17 19 21 23 25 26 
1 3 5 7 9 11 12 15 17 19 21 23 25 26 
1 3 5 7 9 11 13 15 16 19 21 23 25 26 
1 3 5 7 9 11 13 15 17 18 21 23 25 26 
1 3 5 7 9 11 13 15 17 19 20 23 25 26 
1 3 5 7 9 11 13 15 17 19 21 22 25 26 
1 3 5 7 9 11 13 15 17 19 21 23 24 26 
1 3 5 7 9 11 13 15 17 19 21 23 25 26 

Fault 4:
0 2 4 6 9 10 13 15 17 19 21 23 25 27 
0 2 4 6 9 11 12 15 17 19 21 23 25 27 
0 2 4 6 9 11 13 14 17 19 21 23 25 27 
0 2 4 6 9 11 13 15 16 19 21 23 25 27 
0 2 4 6 9 11 13 15 17 18 21 23 25 27 
0 2 4 6 9 11 13 15 17 19 20 23 25 27 
0 2 4 6 9 11 13 15 17 19 21 22 25 27 
0 2 4 6 9 11 13 15 17 19 21 23 24 27 
0 2 4 6 9 11 13 15 17 19 21 23 25 27 
0 2 4 7 8 11 13 15 17 19 21 23 25 27 
0 2 4 7 9 10 13 15 17 19 21 23 25 27 
0 2 4 7 9 11 12 15 17 19 21 23 25 27 
0 2 4 7 9 11 13 14 17 19 21 23 25 27 
0 2 4 7 9 11 13 15 16 19 21 23 25 27 
0 2 4 7 9 11 13 15 17 18 21 23 25 27 
0 2 4 7 9 11 13 15 17 19 20 23 25 27 
0 2 4 7 9 11 13 15 17 19 21 22 25 27 
0 2 4 7 9 11 13 15 17 19 21 23 24 27 
0 2 4 7 9 11 13 15 17 19 21 23 25 27 
0 2 5 6 8 11 13 15 17 19 21 23 25 26 
0 2 5 6 9 10 13 15 17 19 21 23 25 26 
0 2 5 6 9 11 12 15 17 19 21 23 25 26 
0 2 5 6 9 11 13 14 17 19 21 23 25 26 
0 2 5 6 9 11 13 15 16 19 21 23 25 26 
0 2 5 6 9 11 13 15 17 18 21 23 25 26 
0 2 5 6 9 11 13 15 17 19 20 23 25 26 
0 2 5 6 9 11 13 15 17 19 21 22 25 26 
0 2 5 6 9 11 13 15 17 19 21 23 24 26 
0 2 5 6 9 11 13 15 17 19 21 23 25 26 
0 2 5 7 8 11 13 15 17 19 21 23 25 26 
0 2 5 7 9 10 13 15 17 19 21 23 25 26 
0 2 5 7 9 11 12 15 17 19 21 23 25 26 
0 2 5 7 9 11 13 14 17 19 21 23 25 26 
0 2 5 7 9 11 13 15 16 19 21 23 25 26 
0 2 5 7 9 11 13 15 17 18 21 23 25 26 
0 2 5 7 9 11 13 15 17 19 20 23 25 26 
0 2 5 7 9 11 13 15 17 19 21 22 25 26 
0 2 5 7 9 11 13 15 17 19 21 23 24 26 
0 2 5 7 9 11 13 15 17 19 21 23 25 26 
0 3 4 6 8 11 13 15 17 19 21 23 25 27 
0 3 4 6 9 10 13 15 17 19 21 23 25 27 
0 3 4 6 9 11 12 15 17 19 21 23 25 27 
0 3 4 6 9 11 13 14 17 19 21 23 25 27 
0 3 4 6 9 11 13 15 16 19 21 23 25 27 
0 3 4 6 9 11 13 15 17 18 21 23 25 27 
0 3 4 6 9 11 13 15 17 19 20 23 25 27 
0 3 4 6 9 11 13 15 17 19 21 22 25 27 
0 3 4 6 9 11 13 15 17 19 21 23 24 27 
0 3 4 6 9 11 13 15 17 19 21 23 25 27 
0 3 4 7 8 11 13 15 17 19 21 23 25 27 
0 3 4 7 9 10 13 15 17 19 21 23 25 27 
0 3 4 7 9 11 12 15 17 19 21 23 25 27 
0 3 4 7 9 11 13 14 17 19 21 23 25 27 
0 3 4 7 9 11 13 15 16 19 21 23 25 27 
0 3 4 7 9 11 13 15 17 18 21 23 25 27 
0 3 4 7 9 11 13 15 17 19 20 23 25 27 
0 3 4 7 9 11 13 15 17 19 21 22 25 27 
0 3 4 7 9 11 13 15 17 19 21 23 24 27 
0 3 4 7 9 11 13 15 17 19 21 23 25 27 
0 3 5 6 8 11 13 15 17 19 21 23 25 26 
0 3 5 6 9 10 13 15 17 19 21 23 25 26 
0 3 5 6 9 11 12 15 17 19 21 23 25 26 
0 3 5 6 9 11 13 14 17 19 21 23 25 26 
0 3 5 6 9 11 13 15 16 19 21 23 25 26 
0 3 5 6 9 11 13 15 17 18 21 23 25 26 
0 3 5 6 9 11 13 15 17 19 20 23 25 26 
0 3 5 6 9 11 13 15 17 19 21 22 25 26 
0 3 5 6 9 11 13 15 17 19 21 23 24 26 
0 3 5 6 9 11 13 15 17 19 21 23 25 26 
0 3 5 7 8 11 13 15 17 19 21 23 25 26 
0 3 5 7 9 10 13 15 17 19 21 23 25 26 
0 3 5 7 9 11 12 15 17 19 21 23 25 26 
0 3 5 7 9 11 13 14 17 19 21 23 25 26 
0 3 5 7 9 11 13 15 16 19 21 23 25 26 
0 3 5 7 9 11 13 15 17 18 21 23 25 26 
0 3 5 7 9 11 13 15 17 19 20 23 25 26 
0 3 5 7 9 11 13 15 17 19 21 22 25 26 
0 3 5 7 9 11 13 15 17 19 21 23 24 26 
0 3 5 7 9 11 13 15 17 19 21 23 25 26 
1 2 4 6 8 11 13 15 17 19 21 23 25 27 
1 2 4 6 9 10 13 15 17 19 21 23 25 27 
1 2 4 6 9 11 12 15 17 19 21 23 25 27 
1 2 4 6 9 11 13 14 17 19 21 23 25 27 
1 2 4 6 9 11 13 15 16 19 21 23 25 27 
1 2 4 6 9 11 13 15 17 18 21 23 25 27 
1 2 4 6 9 11 13 15 17 19 20 23 25 27 
1 2 4 6 9 11 13 15 17 19 21 22 25 27 
1 2 4 6 9 11 13 15 17 19 21 23 24 27 
1 2 4 6 9 11 13 15 17 19 21 23 25 27 
1 2 4 7 8 11 13 15 17 19 21 23 25 27 
1 2 4 7 9 10 13 15 17 19 21 23 25 27 
1 2 4 7 9 11 12 15 17 19 21 23 25 27 
1 2 4 7 9 11 13 14 17 19 21 23 25 27 
1 2 4 7 9 11 13 15 16 19 21 23 25 27 
1 2 4 7 9 11 13 15 17 18 21 23 25 27 
1 2 4 7 9 11 13 15 17 19 20 23 25 27 
1 2 4 7 9 11 13 15 17 19 21 22 25 27 
1 2 4 7 9 11 13 15 17 19 21 23 24 27 
1 2 4 7 9 11 13 15 17 19 21 23 25 27 
1 2 5 6 8 11 13 15 17 19 21 23 25 26 
1 2 5 6 9 10 13 15 17 19 21 23 25 26 
1 2 5 6 9 11 12 15 17 19 21 23 25 26 
1 2 5 6 9 11 13 14 17 19 21 23 25 26 
1 2 5 6 9 11 13 15 16 19 21 23 25 26 
1 2 5 6 9 11 13 15 17 18 21 23 25 26 
1 2 5 6 9 11 13 15 17 19 20 23 25 26 
1 2 5 6 9 11 13 15 17 19 21 22 25 26 
1 2 5 6 9 11 13 15 17 19 21 23 24 26 
1 2 5 6 9 11 13 15 17 19 21 23 25 26 
1 2 5 7 8 11 13 15 17 19 21 23 25 26 
1 2 5 7 9 10 13 15 17 19 21 23 25 26 
1 2 5 7 9 11 12 15 17 19 21 23 25 26 
1 2 5 7 9 11 13 14 17 19 21 23 25 26 
1 2 5 7 9 11 13 15 16 19 21 23 25 26 
1 2 5 7 9 11 13 15 17 18 21 23 25 26 
1 2 5 7 9 11 13 15 17 19 20 23 25 26 
1 2 5 7 9 11 13 15 17 19 21 22 25 26 
1 2 5 7 9 11 13 15 17 19 21 23 24 26 
1 2 5 7 9 11 13 15 17 19 21 23 25 26 
1 3 4 6 8 11 13 15 17 19 21 23 25 27 
1 3 4 6 9 10 13 15 17 19 21 23 25 27 
1 3 4 6 9 11 12 15 17 19 21 23 25 27 
1 3 4 6 9 11 13 14 17 19 21 23 25 27 
1 3 4 6 9 11 13 15 16 19 21 23 25 27 
1 3 4 6 9 11 13 15 17 18 21 23 25 27 
1 3 4 6 9 11 13 15 17 19 20 23 25 27 
1 3 4 6 9 11 13 15 17 19 21 22 25 27 
1 3 4 6 9 11 13 15 17 19 21 23 24 27 
1 3 4 6 9 11 13 15 17 19 21 23 25 27 
1 3 4 7 8 11 13 15 17 19 21 23 25 27 
1 3 4 7 9 10 13 15 17 19 21 23 25 27 
1 3 4 7 9 11 12 15 17 19 21 23 25 27 
1 3 4 7 9 11 13 14 17 19 21 23 25 27 
1 3 4 7 9 11 13 15 16 19 21 23 25 27 
1 3 4 7 9 11 13 15 17 18 21 23 25 27 
1 3 4 7 9 11 13 15 17 19 20 23 25 27 
1 3 4 7 9 11 13 15 17 19 21 22 25 27 
1 3 4 7 9 11 13 15 17 19 21 23 24 27 
1 3 4 7 9 11 13 15 17 19 21 23 25 27 
1 3 5 6 8 11 13 15 17 19 21 23 25 26 
1 3 5 6 9 10 13 15 17 19 21 23 25 26 
1 3 5 6 9 11 12 15 17 19 21 23 25 26 
1 3 5 6 9 11 13 14 17 19 21 23 25 26 
1 3 5 6 9 11 13 15 16 19 21 23 25 26 
1 3 5 6 9 11 13 15 17 18 21 23 25 26 
1 3 5 6 9 11 13 15 17 19 20 23 25 26 
1 3 5 6 9 11 13 15 17 19 21 22 25 26 
1 3 5 6 9 11 13 15 17 19 21 23 24 26 
1 3 5 6 9 11 13 15 17 19 21 23 25 26 
1 3 5 7 8 11 13 15 17 19 21 23 25 26 
1 3 5 7 9 10 13 15 17 19 21 23 25 26 
1 3 5 7 9 11 12 15 17 19 21 23 25 26 
1 3 5 7 9 11 13 14 17 19 21 23 25 26 
1 3 5 7 9 11 13 15 16 19 21 23 25 26 
1 3 5 7 9 11 13 15 17 18 21 23 25 26 
1 3 5 7 9 11 13 15 17 19 20 23 25 26 
1 3 5 7 9 11 13 15 17 19 21 22 25 26 
1 3 5 7 9 11 13 15 17 19 21 23 24 26 
1 3 5 7 9 11 13 15 17 19 21 23 25 26 
