Fault 0:
0 2 4 6 9 10 14 

Fault 1:
0 3 4 6 8 13 15 
0 3 4 7 8 13 15 
0 3 5 6 8 13 15 
0 3 5 7 8 13 15 
1 2 5 6 8 13 15 
1 2 5 7 8 13 15 

Fault 2:
0 2 4 6 8 13 15 
0 2 4 7 8 13 15 
0 2 5 6 8 13 15 
0 2 5 7 8 13 15 
0 3 4 6 8 13 15 
0 3 4 7 8 13 15 
0 3 5 6 8 13 15 
0 3 5 7 8 13 15 
1 2 5 6 8 13 15 
1 2 5 7 8 13 15 

Fault 3:
0 2 4 6 8 13 15 
0 2 4 7 8 13 15 
0 2 5 6 8 13 15 
0 2 5 7 8 13 15 
0 3 4 6 8 13 15 
0 3 4 7 8 13 15 
0 3 5 6 8 13 15 
0 3 5 7 8 13 15 
1 2 5 6 8 13 15 
1 2 5 7 8 13 15 

Fault 4:
0 2 4 6 8 13 15 
0 2 4 7 8 13 15 
0 2 5 6 8 13 15 
0 2 5 7 8 13 15 
0 3 4 6 8 13 15 
0 3 4 7 8 13 15 
0 3 5 6 8 13 15 
0 3 5 7 8 13 15 
1 2 5 6 8 13 15 
1 2 5 7 8 13 15 

Fault 5:
0 2 4 6 9 10 14 
0 2 4 6 9 11 14 
0 2 4 6 9 12 14 
0 2 4 7 9 10 14 
0 2 4 7 9 11 14 
0 3 4 6 9 10 14 
0 3 4 6 9 11 14 
0 3 4 7 9 10 14 
0 3 4 7 9 11 14 
1 2 4 6 9 10 14 
1 2 4 6 9 11 14 
1 2 4 7 9 10 14 
1 2 4 7 9 11 14 
1 3 4 6 9 10 14 
1 3 4 6 9 11 14 
1 3 4 7 9 10 14 
1 3 4 7 9 11 14 

Fault 6:
0 2 4 6 9 10 14 
0 2 4 6 9 11 14 
0 2 4 6 9 12 14 
0 2 4 7 9 10 14 
0 2 4 7 9 11 14 
0 3 4 6 9 10 14 
0 3 4 6 9 11 14 
0 3 4 7 9 10 14 
0 3 4 7 9 11 14 
1 2 4 6 9 10 14 
1 2 4 6 9 11 14 
1 2 4 7 9 10 14 
1 2 4 7 9 11 14 
1 3 4 6 9 10 14 
1 3 4 6 9 11 14 
1 3 4 7 9 10 14 
1 3 4 7 9 11 14 

Fault 7:
0 2 4 6 9 10 14 
0 2 4 6 9 11 14 
0 2 4 6 9 12 14 
0 2 4 7 9 10 14 
0 2 4 7 9 11 14 
0 3 4 6 9 10 14 
0 3 4 6 9 11 14 
0 3 4 7 9 10 14 
0 3 4 7 9 11 14 
1 2 4 6 9 10 14 
1 2 4 6 9 11 14 
1 2 4 7 9 10 14 
1 2 4 7 9 11 14 
1 3 4 6 9 10 14 
1 3 4 6 9 11 14 
1 3 4 7 9 10 14 
1 3 4 7 9 11 14 

Fault 8:
0 2 4 6 9 10 14 
0 2 4 6 9 11 14 
0 2 4 6 9 12 14 
0 2 4 7 9 10 14 
0 2 4 7 9 11 14 
0 2 5 6 9 10 14 
0 2 5 6 9 11 14 
0 2 5 7 9 10 14 
0 2 5 7 9 11 14 
0 3 4 6 9 10 14 
0 3 4 6 9 11 14 
0 3 4 7 9 10 14 
0 3 4 7 9 11 14 
0 3 5 6 9 10 14 
0 3 5 6 9 11 14 
0 3 5 7 9 10 14 
0 3 5 7 9 11 14 
1 2 4 6 8 13 15 
1 2 4 6 9 10 14 
1 2 4 6 9 11 14 
1 2 4 7 8 13 15 
1 2 4 7 9 10 14 
1 2 4 7 9 11 14 
1 3 4 6 8 13 15 
1 3 4 6 9 10 14 
1 3 4 6 9 11 14 
1 3 4 7 8 13 15 
1 3 4 7 9 10 14 
1 3 4 7 9 11 14 
1 3 5 6 8 13 15 
1 3 5 7 8 13 15 

Fault 9:
0 2 4 6 9 10 14 
0 2 4 6 9 11 14 
0 2 4 6 9 12 14 
0 2 4 7 9 10 14 
0 2 4 7 9 11 14 
0 2 5 6 9 10 14 
0 2 5 6 9 11 14 
0 2 5 7 9 10 14 
0 2 5 7 9 11 14 
0 3 4 6 9 10 14 
0 3 4 6 9 11 14 
0 3 4 7 9 10 14 
0 3 4 7 9 11 14 
0 3 5 6 9 10 14 
0 3 5 6 9 11 14 
0 3 5 7 9 10 14 
0 3 5 7 9 11 14 
1 2 4 6 8 13 15 
1 2 4 6 9 10 14 
1 2 4 6 9 11 14 
1 2 4 7 8 13 15 
1 2 4 7 9 10 14 
1 2 4 7 9 11 14 
1 3 4 6 8 13 15 
1 3 4 6 9 10 14 
1 3 4 6 9 11 14 
1 3 4 7 8 13 15 
1 3 4 7 9 10 14 
1 3 4 7 9 11 14 
1 3 5 6 8 13 15 
1 3 5 7 8 13 15 

Fault 10:
0 2 4 6 9 10 14 
0 2 4 6 9 11 14 
0 2 4 6 9 12 14 
0 2 4 7 9 10 14 
0 2 4 7 9 11 14 
0 2 5 6 9 10 14 
0 2 5 6 9 11 14 
0 2 5 7 9 10 14 
0 2 5 7 9 11 14 
0 3 4 6 9 10 14 
0 3 4 6 9 11 14 
0 3 4 7 9 10 14 
0 3 4 7 9 11 14 
0 3 5 6 9 10 14 
0 3 5 6 9 11 14 
0 3 5 7 9 10 14 
0 3 5 7 9 11 14 
1 2 4 6 8 13 15 
1 2 4 6 9 10 14 
1 2 4 6 9 11 14 
1 2 4 7 8 13 15 
1 2 4 7 9 10 14 
1 2 4 7 9 11 14 
1 3 4 6 8 13 15 
1 3 4 6 9 10 14 
1 3 4 6 9 11 14 
1 3 4 7 8 13 15 
1 3 4 7 9 10 14 
1 3 4 7 9 11 14 
1 3 5 6 8 13 15 
1 3 5 7 8 13 15 

Fault 11:
0 2 4 6 9 11 14 
0 2 4 6 9 12 14 
0 2 4 7 9 10 14 
0 2 4 7 9 11 14 
0 2 5 6 9 10 14 
0 2 5 6 9 11 14 
0 2 5 7 9 10 14 
0 2 5 7 9 11 14 
0 3 4 6 9 10 14 
0 3 4 6 9 11 14 
0 3 4 7 9 10 14 
0 3 4 7 9 11 14 
0 3 5 6 9 10 14 
0 3 5 6 9 11 14 
0 3 5 7 9 10 14 
0 3 5 7 9 11 14 
1 2 4 6 9 10 14 
1 2 4 6 9 11 14 
1 2 4 7 9 10 14 
1 2 4 7 9 11 14 
1 2 5 6 9 10 14 
1 2 5 6 9 11 14 
1 2 5 7 9 10 14 
1 2 5 7 9 11 14 
1 3 4 6 9 10 14 
1 3 4 6 9 11 14 
1 3 4 7 9 10 14 
1 3 4 7 9 11 14 
1 3 5 6 9 10 14 
1 3 5 6 9 11 14 
1 3 5 7 9 10 14 
1 3 5 7 9 11 14 

Fault 12:
0 2 4 6 9 10 14 
0 2 4 6 9 11 14 
0 2 4 6 9 12 14 
0 2 4 7 9 10 14 
0 2 4 7 9 11 14 
0 2 5 6 9 10 14 
0 2 5 6 9 11 14 
0 2 5 7 9 10 14 
0 2 5 7 9 11 14 
0 3 4 6 9 10 14 
0 3 4 6 9 11 14 
0 3 4 7 9 10 14 
0 3 4 7 9 11 14 
0 3 5 6 9 10 14 
0 3 5 6 9 11 14 
0 3 5 7 9 10 14 
0 3 5 7 9 11 14 
1 2 4 6 9 10 14 
1 2 4 6 9 11 14 
1 2 4 7 9 10 14 
1 2 4 7 9 11 14 
1 2 5 6 9 10 14 
1 2 5 6 9 11 14 
1 2 5 7 9 10 14 
1 2 5 7 9 11 14 
1 3 4 6 9 10 14 
1 3 4 6 9 11 14 
1 3 4 7 9 10 14 
1 3 4 7 9 11 14 
1 3 5 6 9 10 14 
1 3 5 6 9 11 14 
1 3 5 7 9 10 14 
1 3 5 7 9 11 14 

Fault 13:
0 2 4 6 9 10 14 
0 2 4 6 9 11 14 
0 2 4 6 9 12 14 
0 2 4 7 9 10 14 
0 2 4 7 9 11 14 
0 2 5 6 9 10 14 
0 2 5 6 9 11 14 
0 2 5 7 9 10 14 
0 2 5 7 9 11 14 
0 3 4 6 9 10 14 
0 3 4 6 9 11 14 
0 3 4 7 9 10 14 
0 3 4 7 9 11 14 
0 3 5 6 9 10 14 
0 3 5 6 9 11 14 
0 3 5 7 9 10 14 
0 3 5 7 9 11 14 
1 2 4 6 9 10 14 
1 2 4 6 9 11 14 
1 2 4 7 9 10 14 
1 2 4 7 9 11 14 
1 2 5 6 9 10 14 
1 2 5 6 9 11 14 
1 2 5 7 9 10 14 
1 2 5 7 9 11 14 
1 3 4 6 9 10 14 
1 3 4 6 9 11 14 
1 3 4 7 9 10 14 
1 3 4 7 9 11 14 
1 3 5 6 9 10 14 
1 3 5 6 9 11 14 
1 3 5 7 9 10 14 
1 3 5 7 9 11 14 

Fault 14:
0 2 4 6 9 10 14 
0 2 4 6 9 11 14 
0 2 4 6 9 12 14 
0 2 4 7 9 10 14 
0 2 4 7 9 11 14 
0 2 5 6 9 10 14 
0 2 5 6 9 11 14 
0 2 5 7 9 10 14 
0 2 5 7 9 11 14 
0 3 4 6 9 10 14 
0 3 4 6 9 11 14 
0 3 4 7 9 10 14 
0 3 4 7 9 11 14 
0 3 5 6 9 10 14 
0 3 5 6 9 11 14 
0 3 5 7 9 10 14 
0 3 5 7 9 11 14 
1 2 4 6 9 10 14 
1 2 4 6 9 11 14 
1 2 4 7 9 10 14 
1 2 4 7 9 11 14 
1 2 5 6 9 10 14 
1 2 5 6 9 11 14 
1 2 5 7 9 10 14 
1 2 5 7 9 11 14 
1 3 4 6 9 10 14 
1 3 4 6 9 11 14 
1 3 4 7 9 10 14 
1 3 4 7 9 11 14 
1 3 5 6 9 10 14 
1 3 5 6 9 11 14 
1 3 5 7 9 10 14 
1 3 5 7 9 11 14 

Fault 15:
0 2 4 6 8 13 15 
0 2 4 6 9 10 14 
0 2 4 6 9 11 14 
0 2 4 6 9 12 14 
0 2 4 7 8 13 15 
0 2 4 7 9 10 14 
0 2 4 7 9 11 14 
0 2 4 7 9 12 14 
0 2 5 6 8 13 15 
0 2 5 6 9 10 14 
0 2 5 6 9 11 14 
0 2 5 6 9 12 14 
0 2 5 7 8 13 15 
0 2 5 7 9 10 14 
0 2 5 7 9 11 14 
0 2 5 7 9 12 14 
0 3 4 6 8 13 15 
0 3 4 6 9 10 14 
0 3 4 6 9 11 14 
0 3 4 6 9 12 14 
0 3 4 7 8 13 15 
0 3 4 7 9 10 14 
0 3 4 7 9 11 14 
0 3 4 7 9 12 14 
0 3 5 6 8 13 15 
0 3 5 6 9 10 14 
0 3 5 6 9 11 14 
0 3 5 6 9 12 14 
0 3 5 7 8 13 15 
0 3 5 7 9 10 14 
0 3 5 7 9 11 14 
0 3 5 7 9 12 14 
1 2 4 6 8 13 15 
1 2 4 6 9 10 14 
1 2 4 6 9 11 14 
1 2 4 6 9 12 14 
1 2 4 7 8 13 15 
1 2 4 7 9 10 14 
1 2 4 7 9 11 14 
1 2 4 7 9 12 14 
1 2 5 6 8 13 15 
1 2 5 6 9 10 14 
1 2 5 6 9 11 14 
1 2 5 6 9 12 14 
1 2 5 7 8 13 15 
1 2 5 7 9 10 14 
1 2 5 7 9 11 14 
1 2 5 7 9 12 14 
1 3 4 6 8 13 15 
1 3 4 6 9 10 14 
1 3 4 6 9 11 14 
1 3 4 6 9 12 14 
1 3 4 7 8 13 15 
1 3 4 7 9 10 14 
1 3 4 7 9 11 14 
1 3 4 7 9 12 14 
1 3 5 6 8 13 15 
1 3 5 6 9 10 14 
1 3 5 6 9 11 14 
1 3 5 6 9 12 14 
1 3 5 7 8 13 15 
1 3 5 7 9 10 14 
1 3 5 7 9 11 14 
1 3 5 7 9 12 14 
