Fault 0:
1 3 4 6 13 22 25 28 31 33 35 

Fault 1:
0 3 4 6 10 19 24 26 31 32 35 

Fault 2:
1 3 4 6 11 16 24 28 31 32 35 
1 3 4 6 12 16 24 28 31 32 35 

Fault 3:
0 3 4 6 13 18 25 27 31 33 34 
1 3 4 6 13 19 25 28 31 33 35 
1 3 4 6 13 20 25 28 31 33 34 
1 3 4 6 13 20 25 28 31 33 35 
1 3 4 6 13 21 25 28 31 33 34 
1 3 4 6 13 22 25 28 31 33 34 
1 3 4 6 13 22 25 28 31 33 35 

Fault 4:
0 3 4 6 13 18 25 27 31 33 34 
0 3 4 6 13 18 25 27 31 33 35 
0 3 4 6 13 19 25 29 31 33 34 
0 3 4 6 13 19 25 29 31 33 35 
1 3 4 6 13 19 25 28 31 33 35 
1 3 4 6 13 20 25 28 31 33 34 
1 3 4 6 13 20 25 28 31 33 35 
1 3 4 6 13 21 25 28 31 33 34 
1 3 4 6 13 21 25 28 31 33 35 
1 3 4 6 13 22 25 28 31 33 34 
1 3 4 6 13 22 25 28 31 33 35 

Fault 5:
0 3 4 6 11 17 24 27 31 32 34 
0 3 4 6 11 17 24 27 31 32 35 
0 3 4 6 11 18 24 26 31 32 34 
0 3 4 6 11 18 24 26 31 32 35 
1 3 4 6 9 18 25 28 31 33 34 
1 3 4 6 9 18 25 28 31 33 35 
1 3 4 6 9 19 25 28 31 33 34 
1 3 4 6 9 19 25 28 31 33 35 
1 3 4 6 11 15 24 28 31 32 34 
1 3 4 6 11 15 24 28 31 32 35 
1 3 4 6 12 15 24 28 31 32 34 
1 3 4 6 12 15 24 28 31 32 35 

Fault 6:
0 3 4 6 8 16 25 26 31 33 34 
0 3 4 6 9 16 25 26 31 33 34 
0 3 4 6 9 16 25 26 31 33 35 
0 3 4 6 9 18 25 26 31 33 34 
0 3 4 6 9 18 25 26 31 33 35 
0 3 4 6 9 18 25 27 31 33 34 
0 3 4 6 9 18 25 27 31 33 35 
0 3 4 6 11 16 24 26 31 32 34 
0 3 4 6 11 16 24 26 31 32 35 
0 3 4 6 11 16 24 27 31 32 34 
0 3 4 6 11 16 24 27 31 32 35 
0 3 4 6 12 16 24 26 31 32 34 
0 3 4 6 12 16 24 26 31 32 35 
0 3 4 6 12 16 24 27 31 32 34 
0 3 4 6 12 16 24 27 31 32 35 
1 3 4 6 11 16 24 28 31 32 34 
1 3 4 6 11 16 24 28 31 32 35 
1 3 4 6 12 16 24 28 31 32 34 
1 3 4 6 12 16 24 28 31 32 35 
1 3 4 6 13 17 25 28 31 33 35 

Fault 7:
0 3 4 6 8 15 25 27 31 33 34 
0 3 4 6 8 15 25 27 31 33 35 
0 3 4 6 8 16 25 26 31 33 34 
0 3 4 6 8 16 25 26 31 33 35 
0 3 4 6 9 15 25 27 31 33 34 
0 3 4 6 9 15 25 27 31 33 35 
0 3 4 6 9 16 25 26 31 33 34 
0 3 4 6 9 16 25 26 31 33 35 
0 3 4 6 10 15 24 27 31 32 34 
0 3 4 6 10 15 24 27 31 32 35 
0 3 4 6 10 16 24 26 31 32 34 
0 3 4 6 10 16 24 26 31 32 35 
0 3 4 6 11 15 24 27 31 32 35 
0 3 4 6 11 16 24 26 31 32 34 
0 3 4 6 11 16 24 26 31 32 35 
0 3 4 6 12 15 24 27 31 32 34 
0 3 4 6 12 16 24 26 31 32 34 
0 3 4 6 13 15 25 27 31 33 34 
0 3 4 6 13 15 25 27 31 33 35 
0 3 4 6 13 16 25 26 31 33 34 
0 3 4 6 13 16 25 26 31 33 35 
1 2 5 7 11 23 24 28 31 32 36 
1 2 5 7 12 23 24 28 31 32 36 
1 3 4 6 8 22 25 28 31 33 34 
1 3 4 6 8 22 25 28 31 33 35 
1 3 4 6 9 22 25 28 31 33 34 
1 3 4 6 9 22 25 28 31 33 35 
1 3 4 6 10 22 24 28 31 32 34 
1 3 4 6 10 22 24 28 31 32 35 
1 3 4 6 11 22 24 28 31 32 35 
1 3 4 6 12 22 24 28 31 32 34 
1 3 4 6 12 22 24 28 31 32 35 

Fault 8:
0 2 5 7 11 23 24 26 31 32 36 
0 2 5 7 12 23 24 26 31 32 36 
0 3 4 6 8 14 25 26 31 33 34 
0 3 4 6 8 14 25 26 31 33 35 
0 3 4 6 8 22 25 27 31 33 34 
0 3 4 6 8 22 25 27 31 33 35 
0 3 4 6 9 14 25 26 31 33 34 
0 3 4 6 9 14 25 26 31 33 35 
0 3 4 6 9 22 25 27 31 33 34 
0 3 4 6 9 22 25 27 31 33 35 
0 3 4 6 10 14 24 26 31 32 34 
0 3 4 6 10 14 24 26 31 32 35 
0 3 4 6 10 22 24 27 31 32 34 
0 3 4 6 10 22 24 27 31 32 35 
0 3 4 6 11 14 24 26 31 32 34 
0 3 4 6 11 14 24 26 31 32 35 
0 3 4 6 11 22 24 27 31 32 34 
0 3 4 6 11 22 24 27 31 32 35 
0 3 4 6 12 14 24 26 31 32 34 
0 3 4 6 12 14 24 26 31 32 35 
0 3 4 6 12 22 24 27 31 32 34 
0 3 4 6 12 22 24 27 31 32 35 
0 3 4 6 13 14 25 26 31 33 34 
0 3 4 6 13 14 25 26 31 33 35 
0 3 4 6 13 22 25 29 31 33 34 
0 3 4 6 13 22 25 29 31 33 35 
1 3 4 6 8 20 25 28 31 33 34 
1 3 4 6 8 20 25 28 31 33 35 
1 3 4 6 9 20 25 28 31 33 34 
1 3 4 6 9 20 25 28 31 33 35 
1 3 4 6 10 20 24 28 31 33 34 
1 3 4 6 10 20 24 28 31 33 35 
1 3 4 6 11 20 24 28 31 33 34 
1 3 4 6 11 20 24 28 31 33 35 
1 3 4 6 12 20 24 28 31 33 34 
1 3 4 6 12 20 24 28 31 33 35 

Fault 9:
0 3 4 6 8 16 25 26 31 33 35 
0 3 4 6 8 16 25 27 31 33 35 
0 3 4 6 10 14 24 26 31 32 34 
0 3 4 6 10 14 24 26 31 32 35 
0 3 4 6 10 14 24 27 31 32 34 
0 3 4 6 10 14 24 27 31 32 35 
0 3 4 6 10 15 24 26 31 32 34 
0 3 4 6 10 15 24 26 31 32 35 
0 3 4 6 10 15 24 27 31 32 34 
0 3 4 6 10 15 24 27 31 32 35 
0 3 4 6 10 18 24 26 31 32 34 
0 3 4 6 10 18 24 26 31 32 35 
0 3 4 6 10 18 24 27 31 32 34 
0 3 4 6 10 18 24 27 31 32 35 
0 3 4 6 11 15 24 26 31 32 34 
0 3 4 6 11 15 24 26 31 32 35 
0 3 4 6 11 15 24 27 31 32 34 
0 3 4 6 11 15 24 27 31 32 35 
0 3 4 6 11 18 24 26 31 32 34 
0 3 4 6 11 18 24 26 31 32 35 
0 3 4 6 11 18 24 27 31 32 34 
0 3 4 6 11 18 24 27 31 32 35 
0 3 4 6 12 14 24 26 31 32 35 
0 3 4 6 12 15 24 26 31 32 34 
0 3 4 6 12 15 24 26 31 32 35 
0 3 4 6 12 15 24 27 31 32 34 
0 3 4 6 12 15 24 27 31 32 35 
1 3 4 6 11 15 24 28 31 32 34 
1 3 4 6 11 15 24 28 31 32 35 
1 3 4 6 11 18 24 28 31 32 34 
1 3 4 6 11 18 24 28 31 32 35 
1 3 4 6 12 15 24 28 31 32 34 
1 3 4 6 12 15 24 28 31 32 35 
1 3 4 6 12 18 24 28 31 32 34 
1 3 4 6 12 18 24 28 31 32 35 
1 3 4 6 12 21 24 28 31 32 35 

Fault 10:
0 2 5 7 8 23 25 26 31 33 36 
0 2 5 7 10 23 24 26 31 32 36 
0 3 4 6 8 18 25 27 31 33 34 
0 3 4 6 8 18 25 27 31 33 35 
0 3 4 6 8 19 25 26 31 33 34 
0 3 4 6 8 19 25 26 31 33 35 
0 3 4 6 9 18 25 27 31 33 34 
0 3 4 6 9 18 25 27 31 33 35 
0 3 4 6 9 19 25 26 31 33 34 
0 3 4 6 9 19 25 26 31 33 35 
0 3 4 6 10 18 24 27 31 32 34 
0 3 4 6 10 18 24 27 31 32 35 
0 3 4 6 10 19 24 26 31 32 34 
0 3 4 6 10 19 24 26 31 32 35 
0 3 4 6 13 17 25 27 31 33 34 
0 3 4 6 13 17 25 27 31 33 35 
0 3 4 6 13 19 25 29 31 33 35 
1 2 5 7 8 23 25 28 31 33 36 
1 2 5 7 10 23 24 28 31 32 36 
1 2 5 7 11 23 24 28 31 32 36 
1 2 5 7 12 23 24 28 31 32 36 
1 3 4 6 8 16 25 28 31 33 34 
1 3 4 6 8 16 25 28 31 33 35 
1 3 4 6 8 21 25 28 31 33 34 
1 3 4 6 8 21 25 28 31 33 35 
1 3 4 6 8 22 25 28 31 33 34 
1 3 4 6 8 22 25 28 31 33 35 
1 3 4 6 9 16 25 28 31 33 34 
1 3 4 6 9 16 25 28 31 33 35 
1 3 4 6 9 18 25 28 31 33 34 
1 3 4 6 12 18 24 28 31 32 34 
1 3 4 6 12 18 24 28 31 32 35 
1 3 4 6 12 19 24 28 31 32 34 
1 3 4 6 12 19 24 28 31 32 35 
1 3 4 6 12 20 24 28 31 33 34 
1 3 4 6 12 20 24 28 31 33 35 
1 3 4 6 12 21 24 28 31 32 34 
1 3 4 6 12 21 24 28 31 32 35 
1 3 4 6 13 14 25 28 31 33 34 
1 3 4 6 13 16 25 28 31 33 34 
1 3 4 6 13 16 25 28 31 33 35 

Fault 11:
0 2 5 7 12 23 24 26 31 32 36 
0 3 4 6 8 15 25 26 31 33 34 
0 3 4 6 8 15 25 26 31 33 35 
0 3 4 6 8 15 25 27 31 33 34 
0 3 4 6 8 15 25 27 31 33 35 
0 3 4 6 8 21 25 26 31 33 34 
0 3 4 6 8 21 25 26 31 33 35 
0 3 4 6 8 21 25 27 31 33 34 
0 3 4 6 8 21 25 27 31 33 35 
0 3 4 6 9 21 25 26 31 33 34 
0 3 4 6 9 21 25 26 31 33 35 
0 3 4 6 9 21 25 27 31 33 34 
0 3 4 6 9 21 25 27 31 33 35 
0 3 4 6 10 21 24 26 31 32 34 
0 3 4 6 10 21 24 26 31 32 35 
0 3 4 6 10 21 24 27 31 32 34 
0 3 4 6 10 21 24 27 31 32 35 
1 2 5 7 12 23 24 28 31 32 36 
1 3 4 6 8 17 25 28 31 33 34 
1 3 4 6 8 17 25 28 31 33 35 
1 3 4 6 8 21 25 28 31 33 34 
1 3 4 6 8 21 25 28 31 33 35 
1 3 4 6 9 17 25 28 31 33 34 
1 3 4 6 9 17 25 28 31 33 35 
1 3 4 6 9 18 25 28 31 33 35 
1 3 4 6 9 21 25 28 31 33 34 
1 3 4 6 9 21 25 28 31 33 35 
1 3 4 6 10 14 24 28 31 32 34 
1 3 4 6 10 21 24 28 31 32 34 
1 3 4 6 10 21 24 28 31 32 35 
1 3 4 6 10 22 24 28 31 32 35 
1 3 4 6 13 14 25 28 31 33 34 
1 3 4 6 13 14 25 28 31 33 35 
1 3 4 6 13 15 25 28 31 33 34 
1 3 4 6 13 15 25 28 31 33 35 
1 3 4 6 13 16 25 28 31 33 34 
1 3 4 6 13 16 25 28 31 33 35 
1 3 4 6 13 17 25 28 31 33 34 
1 3 4 6 13 17 25 28 31 33 35 
1 3 4 6 13 19 25 28 31 33 34 
1 3 4 6 13 21 25 28 31 33 34 
1 3 4 6 13 21 25 28 31 33 35 

Fault 12:
0 3 4 6 10 20 24 27 31 33 34 
0 3 4 6 10 20 24 27 31 33 35 
0 3 4 6 10 21 24 26 31 32 34 
0 3 4 6 10 21 24 26 31 32 35 
0 3 4 6 10 21 24 27 31 32 35 
0 3 4 6 10 22 24 26 31 32 35 
0 3 4 6 11 14 24 27 31 32 34 
0 3 4 6 11 15 24 26 31 32 34 
0 3 4 6 11 17 24 27 31 32 34 
0 3 4 6 11 17 24 27 31 32 35 
0 3 4 6 11 18 24 26 31 32 34 
0 3 4 6 11 18 24 26 31 32 35 
0 3 4 6 11 19 24 27 31 32 34 
0 3 4 6 11 19 24 27 31 32 35 
0 3 4 6 11 20 24 26 31 33 34 
0 3 4 6 11 20 24 26 31 33 35 
0 3 4 6 11 20 24 27 31 33 34 
0 3 4 6 11 20 24 27 31 33 35 
0 3 4 6 11 21 24 26 31 32 34 
0 3 4 6 11 21 24 26 31 32 35 
0 3 4 6 11 21 24 27 31 32 34 
0 3 4 6 11 21 24 27 31 32 35 
0 3 4 6 11 22 24 26 31 32 35 
0 3 4 6 12 14 24 27 31 32 34 
0 3 4 6 12 15 24 26 31 32 34 
0 3 4 6 12 16 24 27 31 32 34 
1 3 4 6 9 18 25 28 31 33 34 
1 3 4 6 9 18 25 28 31 33 35 
1 3 4 6 9 19 25 28 31 33 34 
1 3 4 6 9 19 25 28 31 33 35 
1 3 4 6 10 19 24 28 31 32 34 
1 3 4 6 10 19 24 28 31 32 35 
1 3 4 6 10 21 24 28 31 32 34 
1 3 4 6 11 15 24 28 31 32 34 
1 3 4 6 11 15 24 28 31 32 35 
1 3 4 6 11 17 24 28 31 32 34 
1 3 4 6 11 17 24 28 31 32 35 
1 3 4 6 11 19 24 28 31 32 34 
1 3 4 6 11 19 24 28 31 32 35 
1 3 4 6 11 21 24 28 31 32 34 
1 3 4 6 12 15 24 28 31 32 34 
1 3 4 6 12 15 24 28 31 32 35 
1 3 4 6 13 18 25 28 31 33 35 
1 3 4 6 13 19 25 28 31 33 34 

Fault 13:
0 3 4 6 10 14 24 26 31 32 34 
0 3 4 6 10 14 24 26 31 32 35 
0 3 4 6 10 14 24 27 31 32 34 
0 3 4 6 10 14 24 27 31 32 35 
0 3 4 6 10 15 24 26 31 32 34 
0 3 4 6 10 15 24 26 31 32 35 
0 3 4 6 10 15 24 27 31 32 34 
0 3 4 6 10 15 24 27 31 32 35 
0 3 4 6 10 18 24 26 31 32 34 
0 3 4 6 10 18 24 26 31 32 35 
0 3 4 6 10 18 24 27 31 32 34 
0 3 4 6 10 18 24 27 31 32 35 
0 3 4 6 11 15 24 26 31 32 34 
0 3 4 6 11 15 24 26 31 32 35 
0 3 4 6 11 15 24 27 31 32 34 
0 3 4 6 11 15 24 27 31 32 35 
0 3 4 6 11 17 24 26 31 32 34 
0 3 4 6 11 17 24 26 31 32 35 
0 3 4 6 11 17 24 27 31 32 34 
0 3 4 6 11 17 24 27 31 32 35 
0 3 4 6 11 18 24 26 31 32 34 
0 3 4 6 11 18 24 26 31 32 35 
0 3 4 6 11 18 24 27 31 32 34 
0 3 4 6 11 18 24 27 31 32 35 
0 3 4 6 12 15 24 26 31 32 34 
0 3 4 6 12 15 24 26 31 32 35 
0 3 4 6 12 15 24 27 31 32 34 
0 3 4 6 12 15 24 27 31 32 35 
0 3 4 6 12 17 24 26 31 32 34 
0 3 4 6 12 17 24 26 31 32 35 
0 3 4 6 12 17 24 27 31 32 34 
1 3 4 6 10 18 24 28 31 32 34 
1 3 4 6 10 18 24 28 31 32 35 
1 3 4 6 11 14 24 28 31 32 34 
1 3 4 6 11 14 24 28 31 32 35 
1 3 4 6 11 15 24 28 31 32 34 
1 3 4 6 11 15 24 28 31 32 35 
1 3 4 6 11 17 24 28 31 32 34 
1 3 4 6 11 17 24 28 31 32 35 
1 3 4 6 11 18 24 28 31 32 34 
1 3 4 6 11 18 24 28 31 32 35 
1 3 4 6 12 14 24 28 31 32 34 
1 3 4 6 12 14 24 28 31 32 35 
1 3 4 6 12 15 24 28 31 32 34 
1 3 4 6 12 15 24 28 31 32 35 
1 3 4 6 12 17 24 28 31 32 34 
1 3 4 6 12 17 24 28 31 32 35 
1 3 4 6 12 18 24 28 31 32 34 
1 3 4 6 12 18 24 28 31 32 35 

Fault 14:
0 2 5 7 8 23 25 26 31 33 36 
0 3 4 6 8 16 25 26 31 33 35 
0 3 4 6 8 16 25 27 31 33 35 
0 3 4 6 8 20 25 26 31 33 34 
0 3 4 6 8 20 25 26 31 33 35 
0 3 4 6 8 20 25 27 31 33 34 
0 3 4 6 8 20 25 27 31 33 35 
0 3 4 6 8 22 25 26 31 33 34 
0 3 4 6 8 22 25 26 31 33 35 
0 3 4 6 8 22 25 27 31 33 34 
0 3 4 6 8 22 25 27 31 33 35 
0 3 4 6 9 20 25 26 31 33 34 
0 3 4 6 9 20 25 26 31 33 35 
0 3 4 6 9 20 25 27 31 33 34 
0 3 4 6 9 20 25 27 31 33 35 
0 3 4 6 9 22 25 26 31 33 34 
0 3 4 6 9 22 25 26 31 33 35 
0 3 4 6 9 22 25 27 31 33 34 
0 3 4 6 10 20 24 26 31 33 34 
0 3 4 6 10 20 24 26 31 33 35 
0 3 4 6 10 20 24 27 31 33 34 
0 3 4 6 10 20 24 27 31 33 35 
0 3 4 6 11 14 24 26 31 32 34 
0 3 4 6 11 14 24 26 31 32 35 
0 3 4 6 11 14 24 27 31 32 34 
0 3 4 6 11 14 24 27 31 32 35 
0 3 4 6 11 15 24 26 31 32 35 
0 3 4 6 11 15 24 27 31 32 35 
0 3 4 6 11 18 24 26 31 32 34 
0 3 4 6 11 19 24 27 31 32 35 
0 3 4 6 12 14 24 26 31 32 34 
0 3 4 6 12 14 24 26 31 32 35 
0 3 4 6 12 14 24 27 31 32 34 
0 3 4 6 12 14 24 27 31 32 35 
0 3 4 6 12 15 24 26 31 32 34 
0 3 4 6 12 15 24 26 31 32 35 
0 3 4 6 12 15 24 27 31 32 35 
0 3 4 6 12 17 24 27 31 32 35 
0 3 4 6 12 18 24 26 31 32 34 
0 3 4 6 12 18 24 27 31 32 34 
0 3 4 6 12 20 24 27 31 33 34 
0 3 4 6 12 20 24 27 31 33 35 
0 3 4 6 12 21 24 26 31 32 34 
0 3 4 6 12 21 24 26 31 32 35 
0 3 4 6 12 21 24 27 31 32 34 
0 3 4 6 12 21 24 27 31 32 35 
0 3 4 6 13 20 25 29 31 33 34 
0 3 4 6 13 20 25 29 31 33 35 
1 2 5 7 8 23 25 28 31 33 36 
1 3 4 6 8 14 25 28 31 33 34 
1 3 4 6 8 14 25 28 31 33 35 
1 3 4 6 8 16 25 28 31 33 34 
1 3 4 6 8 16 25 28 31 33 35 
1 3 4 6 8 20 25 28 31 33 34 
1 3 4 6 8 20 25 28 31 33 35 
1 3 4 6 9 14 25 28 31 33 34 
1 3 4 6 9 14 25 28 31 33 35 
1 3 4 6 9 16 25 28 31 33 34 
1 3 4 6 9 16 25 28 31 33 35 
1 3 4 6 9 20 25 28 31 33 34 
1 3 4 6 9 20 25 28 31 33 35 
1 3 4 6 11 15 24 28 31 32 34 
1 3 4 6 11 15 24 28 31 32 35 
1 3 4 6 11 18 24 28 31 32 34 
1 3 4 6 11 18 24 28 31 32 35 
1 3 4 6 11 20 24 28 31 33 34 
1 3 4 6 11 20 24 28 31 33 35 
1 3 4 6 12 15 24 28 31 32 34 
1 3 4 6 12 15 24 28 31 32 35 
1 3 4 6 12 18 24 28 31 32 35 
1 3 4 6 12 20 24 28 31 33 34 
1 3 4 6 12 20 24 28 31 33 35 

Fault 15:
0 3 4 6 9 22 25 27 31 33 34 
0 3 4 6 9 22 25 27 31 33 35 
0 3 4 6 10 14 24 26 31 32 34 
0 3 4 6 10 14 24 26 31 32 35 
0 3 4 6 10 14 24 27 31 32 34 
0 3 4 6 10 14 24 27 31 32 35 
0 3 4 6 10 15 24 26 31 32 34 
0 3 4 6 10 15 24 26 31 32 35 
0 3 4 6 10 15 24 27 31 32 34 
0 3 4 6 10 15 24 27 31 32 35 
0 3 4 6 10 16 24 26 31 32 34 
0 3 4 6 10 16 24 26 31 32 35 
0 3 4 6 10 18 24 27 31 32 34 
0 3 4 6 10 18 24 27 31 32 35 
0 3 4 6 10 19 24 26 31 32 34 
0 3 4 6 10 19 24 26 31 32 35 
0 3 4 6 10 19 24 27 31 32 34 
0 3 4 6 10 19 24 27 31 32 35 
0 3 4 6 10 20 24 26 31 33 34 
0 3 4 6 10 20 24 26 31 33 35 
0 3 4 6 11 15 24 27 31 32 34 
0 3 4 6 11 15 24 27 31 32 35 
0 3 4 6 11 16 24 26 31 32 34 
0 3 4 6 11 16 24 26 31 32 35 
0 3 4 6 11 17 24 27 31 32 34 
0 3 4 6 11 17 24 27 31 32 35 
0 3 4 6 11 18 24 26 31 32 34 
0 3 4 6 11 18 24 26 31 32 35 
0 3 4 6 11 18 24 27 31 32 34 
0 3 4 6 11 18 24 27 31 32 35 
0 3 4 6 11 19 24 26 31 32 34 
0 3 4 6 11 19 24 26 31 32 35 
0 3 4 6 11 19 24 27 31 32 34 
0 3 4 6 11 19 24 27 31 32 35 
0 3 4 6 11 20 24 26 31 33 34 
0 3 4 6 11 20 24 26 31 33 35 
0 3 4 6 12 15 24 26 31 32 35 
0 3 4 6 12 15 24 27 31 32 34 
0 3 4 6 12 16 24 26 31 32 34 
0 3 4 6 12 16 24 27 31 32 34 
0 3 4 6 12 18 24 26 31 32 34 
0 3 4 6 12 18 24 26 31 32 35 
0 3 4 6 12 18 24 27 31 32 34 
0 3 4 6 12 18 24 27 31 32 35 
0 3 4 6 12 19 24 26 31 32 34 
0 3 4 6 12 19 24 26 31 32 35 
0 3 4 6 12 19 24 27 31 32 34 
0 3 4 6 12 19 24 27 31 32 35 
0 3 4 6 12 20 24 26 31 33 34 
0 3 4 6 12 20 24 26 31 33 35 
0 3 4 6 13 18 25 27 31 33 35 
0 3 4 6 13 19 25 29 31 33 34 
0 3 4 6 13 19 25 29 31 33 35 
1 3 4 6 9 18 25 28 31 33 34 
1 3 4 6 9 18 25 28 31 33 35 
1 3 4 6 9 19 25 28 31 33 34 
1 3 4 6 9 19 25 28 31 33 35 
1 3 4 6 9 20 25 28 31 33 34 
1 3 4 6 9 20 25 28 31 33 35 
1 3 4 6 10 15 24 28 31 32 34 
1 3 4 6 10 15 24 28 31 32 35 
1 3 4 6 10 16 24 28 31 32 35 
1 3 4 6 10 22 24 28 31 32 34 
1 3 4 6 10 22 24 28 31 32 35 
1 3 4 6 11 15 24 28 31 32 34 
1 3 4 6 11 15 24 28 31 32 35 
1 3 4 6 11 16 24 28 31 32 34 
1 3 4 6 11 16 24 28 31 32 35 
1 3 4 6 11 17 24 28 31 32 34 
1 3 4 6 11 17 24 28 31 32 35 
1 3 4 6 11 20 24 28 31 33 34 
1 3 4 6 11 22 24 28 31 32 34 
1 3 4 6 11 22 24 28 31 32 35 
1 3 4 6 12 15 24 28 31 32 34 
1 3 4 6 12 15 24 28 31 32 35 
1 3 4 6 12 16 24 28 31 32 34 
1 3 4 6 12 16 24 28 31 32 35 
1 3 4 6 12 17 24 28 31 32 34 
1 3 4 6 12 17 24 28 31 32 35 
1 3 4 6 13 18 25 28 31 33 35 
1 3 4 6 13 19 25 28 31 33 34 
1 3 4 6 13 20 25 28 31 33 35 
1 3 4 6 13 21 25 28 31 33 34 
1 3 4 6 13 21 25 28 31 33 35 
1 3 4 6 13 22 25 28 31 33 34 
1 3 4 6 13 22 25 28 31 33 35 

Fault 16:
0 2 5 7 12 23 24 26 31 32 36 
0 3 4 6 8 14 25 26 31 33 35 
0 3 4 6 8 14 25 27 31 33 35 
0 3 4 6 8 15 25 26 31 33 35 
0 3 4 6 8 16 25 26 31 33 35 
0 3 4 6 8 17 25 27 31 33 35 
0 3 4 6 8 18 25 26 31 33 35 
0 3 4 6 8 18 25 27 31 33 35 
0 3 4 6 8 19 25 26 31 33 35 
0 3 4 6 8 19 25 27 31 33 35 
0 3 4 6 8 20 25 26 31 33 35 
0 3 4 6 8 21 25 26 31 33 35 
0 3 4 6 8 21 25 27 31 33 35 
0 3 4 6 8 22 25 26 31 33 35 
0 3 4 6 9 14 25 27 31 33 35 
0 3 4 6 9 15 25 26 31 33 35 
0 3 4 6 9 15 25 27 31 33 35 
0 3 4 6 9 16 25 26 31 33 35 
0 3 4 6 9 16 25 27 31 33 35 
0 3 4 6 9 17 25 26 31 33 35 
0 3 4 6 9 17 25 27 31 33 35 
0 3 4 6 9 18 25 26 31 33 35 
0 3 4 6 9 18 25 27 31 33 35 
0 3 4 6 9 19 25 26 31 33 35 
0 3 4 6 9 19 25 27 31 33 35 
0 3 4 6 9 20 25 27 31 33 35 
0 3 4 6 9 21 25 26 31 33 35 
0 3 4 6 9 21 25 27 31 33 35 
0 3 4 6 9 22 25 26 31 33 35 
0 3 4 6 10 14 24 27 31 32 35 
0 3 4 6 10 15 24 26 31 32 35 
0 3 4 6 10 15 24 27 31 32 35 
0 3 4 6 10 16 24 26 31 32 35 
0 3 4 6 10 16 24 27 31 32 35 
0 3 4 6 10 17 24 26 31 32 35 
0 3 4 6 10 17 24 27 31 32 35 
0 3 4 6 10 18 24 26 31 32 35 
0 3 4 6 10 19 24 26 31 32 35 
0 3 4 6 10 19 24 27 31 32 35 
0 3 4 6 10 20 24 26 31 33 35 
0 3 4 6 10 20 24 27 31 33 35 
0 3 4 6 10 21 24 26 31 32 35 
0 3 4 6 10 21 24 27 31 32 35 
0 3 4 6 10 22 24 26 31 32 35 
0 3 4 6 11 14 24 27 31 32 35 
0 3 4 6 11 15 24 26 31 32 35 
0 3 4 6 11 15 24 27 31 32 35 
0 3 4 6 11 16 24 26 31 32 35 
0 3 4 6 11 17 24 26 31 32 35 
0 3 4 6 11 18 24 26 31 32 35 
0 3 4 6 11 18 24 27 31 32 35 
0 3 4 6 11 19 24 26 31 32 35 
0 3 4 6 11 20 24 27 31 33 35 
0 3 4 6 11 21 24 26 31 32 35 
0 3 4 6 11 21 24 27 31 32 35 
0 3 4 6 11 22 24 26 31 32 35 
0 3 4 6 12 14 24 27 31 32 35 
0 3 4 6 12 15 24 26 31 32 35 
0 3 4 6 12 18 24 26 31 32 35 
0 3 4 6 12 20 24 27 31 33 35 
0 3 4 6 12 21 24 26 31 32 35 
0 3 4 6 12 21 24 27 31 32 35 
0 3 4 6 12 22 24 26 31 32 35 
0 3 4 6 13 14 25 27 31 33 35 
0 3 4 6 13 15 25 26 31 33 35 
0 3 4 6 13 17 25 26 31 33 35 
0 3 4 6 13 18 25 26 31 33 35 
0 3 4 6 13 22 25 29 31 33 35 
1 2 5 7 10 23 24 28 31 32 36 
1 3 4 6 8 15 25 28 31 33 35 
1 3 4 6 8 18 25 28 31 33 35 
1 3 4 6 8 19 25 28 31 33 35 
1 3 4 6 8 20 25 28 31 33 35 
1 3 4 6 8 21 25 28 31 33 35 
1 3 4 6 9 14 25 28 31 33 35 
1 3 4 6 9 15 25 28 31 33 35 
1 3 4 6 9 16 25 28 31 33 35 
1 3 4 6 9 17 25 28 31 33 35 
1 3 4 6 9 18 25 28 31 33 35 
1 3 4 6 9 19 25 28 31 33 35 
1 3 4 6 10 14 24 28 31 32 35 
1 3 4 6 10 15 24 28 31 32 35 
1 3 4 6 10 16 24 28 31 32 35 
1 3 4 6 10 21 24 28 31 32 35 
1 3 4 6 10 22 24 28 31 32 35 
1 3 4 6 11 15 24 28 31 32 35 
1 3 4 6 11 16 24 28 31 32 35 
1 3 4 6 11 18 24 28 31 32 35 
1 3 4 6 11 19 24 28 31 32 35 
1 3 4 6 11 21 24 28 31 32 35 
1 3 4 6 11 22 24 28 31 32 35 
1 3 4 6 12 14 24 28 31 32 35 
1 3 4 6 12 15 24 28 31 32 35 
1 3 4 6 12 16 24 28 31 32 35 
1 3 4 6 13 15 25 28 31 33 35 
1 3 4 6 13 17 25 28 31 33 35 

Fault 17:
0 3 4 6 9 20 25 27 31 33 34 
0 3 4 6 9 20 25 27 31 33 35 
0 3 4 6 9 21 25 26 31 33 34 
0 3 4 6 9 21 25 26 31 33 35 
0 3 4 6 9 21 25 27 31 33 34 
0 3 4 6 9 21 25 27 31 33 35 
0 3 4 6 9 22 25 26 31 33 34 
0 3 4 6 9 22 25 26 31 33 35 
0 3 4 6 9 22 25 27 31 33 34 
0 3 4 6 9 22 25 27 31 33 35 
0 3 4 6 10 14 24 26 31 32 34 
0 3 4 6 10 14 24 26 31 32 35 
0 3 4 6 10 14 24 27 31 32 34 
0 3 4 6 10 14 24 27 31 32 35 
0 3 4 6 10 15 24 26 31 32 34 
0 3 4 6 10 15 24 26 31 32 35 
0 3 4 6 10 15 24 27 31 32 34 
0 3 4 6 10 15 24 27 31 32 35 
0 3 4 6 10 16 24 26 31 32 34 
0 3 4 6 10 16 24 26 31 32 35 
0 3 4 6 10 16 24 27 31 32 34 
0 3 4 6 10 16 24 27 31 32 35 
0 3 4 6 10 17 24 26 31 32 34 
0 3 4 6 10 17 24 26 31 32 35 
0 3 4 6 10 18 24 27 31 32 34 
0 3 4 6 10 18 24 27 31 32 35 
0 3 4 6 10 19 24 26 31 32 34 
0 3 4 6 10 19 24 26 31 32 35 
0 3 4 6 10 19 24 27 31 32 34 
0 3 4 6 10 19 24 27 31 32 35 
0 3 4 6 10 20 24 26 31 33 34 
0 3 4 6 10 20 24 26 31 33 35 
0 3 4 6 10 20 24 27 31 33 34 
0 3 4 6 10 20 24 27 31 33 35 
0 3 4 6 10 21 24 26 31 32 34 
0 3 4 6 10 21 24 26 31 32 35 
0 3 4 6 10 21 24 27 31 32 34 
0 3 4 6 10 21 24 27 31 32 35 
0 3 4 6 10 22 24 26 31 32 34 
0 3 4 6 10 22 24 26 31 32 35 
0 3 4 6 10 22 24 27 31 32 34 
0 3 4 6 10 22 24 27 31 32 35 
0 3 4 6 11 14 24 26 31 32 34 
0 3 4 6 11 14 24 26 31 32 35 
0 3 4 6 11 14 24 27 31 32 34 
0 3 4 6 11 14 24 27 31 32 35 
0 3 4 6 11 15 24 26 31 32 34 
0 3 4 6 11 15 24 26 31 32 35 
0 3 4 6 11 15 24 27 31 32 34 
0 3 4 6 11 15 24 27 31 32 35 
0 3 4 6 11 16 24 26 31 32 34 
0 3 4 6 11 16 24 26 31 32 35 
0 3 4 6 11 17 24 27 31 32 34 
0 3 4 6 11 17 24 27 31 32 35 
0 3 4 6 11 18 24 26 31 32 34 
0 3 4 6 11 18 24 26 31 32 35 
0 3 4 6 11 18 24 27 31 32 34 
0 3 4 6 11 18 24 27 31 32 35 
0 3 4 6 11 19 24 26 31 32 34 
0 3 4 6 11 19 24 26 31 32 35 
0 3 4 6 11 19 24 27 31 32 34 
0 3 4 6 11 19 24 27 31 32 35 
0 3 4 6 11 20 24 26 31 33 34 
0 3 4 6 11 20 24 26 31 33 35 
0 3 4 6 11 20 24 27 31 33 34 
0 3 4 6 11 20 24 27 31 33 35 
0 3 4 6 11 21 24 26 31 32 34 
0 3 4 6 11 21 24 26 31 32 35 
0 3 4 6 11 21 24 27 31 32 34 
0 3 4 6 11 21 24 27 31 32 35 
0 3 4 6 11 22 24 26 31 32 34 
0 3 4 6 11 22 24 26 31 32 35 
0 3 4 6 11 22 24 27 31 32 34 
0 3 4 6 11 22 24 27 31 32 35 
0 3 4 6 12 14 24 26 31 32 34 
0 3 4 6 12 14 24 26 31 32 35 
0 3 4 6 12 14 24 27 31 32 34 
0 3 4 6 12 14 24 27 31 32 35 
0 3 4 6 12 15 24 26 31 32 34 
0 3 4 6 12 15 24 26 31 32 35 
0 3 4 6 12 15 24 27 31 32 34 
0 3 4 6 12 16 24 26 31 32 34 
0 3 4 6 12 16 24 27 31 32 34 
0 3 4 6 12 18 24 26 31 32 34 
0 3 4 6 12 18 24 26 31 32 35 
0 3 4 6 12 18 24 27 31 32 34 
0 3 4 6 12 18 24 27 31 32 35 
0 3 4 6 12 19 24 26 31 32 34 
0 3 4 6 12 19 24 26 31 32 35 
0 3 4 6 12 19 24 27 31 32 34 
0 3 4 6 12 19 24 27 31 32 35 
0 3 4 6 12 20 24 26 31 33 34 
0 3 4 6 12 20 24 26 31 33 35 
0 3 4 6 13 18 25 27 31 33 35 
0 3 4 6 13 19 25 29 31 33 34 
0 3 4 6 13 19 25 29 31 33 35 
1 3 4 6 9 18 25 28 31 33 34 
1 3 4 6 9 18 25 28 31 33 35 
1 3 4 6 9 19 25 28 31 33 34 
1 3 4 6 9 19 25 28 31 33 35 
1 3 4 6 9 20 25 28 31 33 34 
1 3 4 6 9 20 25 28 31 33 35 
1 3 4 6 9 22 25 28 31 33 34 
1 3 4 6 9 22 25 28 31 33 35 
1 3 4 6 10 14 24 28 31 32 34 
1 3 4 6 10 14 24 28 31 32 35 
1 3 4 6 10 15 24 28 31 32 34 
1 3 4 6 10 16 24 28 31 32 35 
1 3 4 6 10 18 24 28 31 32 34 
1 3 4 6 10 18 24 28 31 32 35 
1 3 4 6 10 19 24 28 31 32 34 
1 3 4 6 10 19 24 28 31 32 35 
1 3 4 6 10 20 24 28 31 33 34 
1 3 4 6 10 20 24 28 31 33 35 
1 3 4 6 10 21 24 28 31 32 34 
1 3 4 6 10 21 24 28 31 32 35 
1 3 4 6 10 22 24 28 31 32 34 
1 3 4 6 10 22 24 28 31 32 35 
1 3 4 6 11 15 24 28 31 32 34 
1 3 4 6 11 15 24 28 31 32 35 
1 3 4 6 11 16 24 28 31 32 34 
1 3 4 6 11 16 24 28 31 32 35 
1 3 4 6 11 17 24 28 31 32 34 
1 3 4 6 11 17 24 28 31 32 35 
1 3 4 6 11 18 24 28 31 32 34 
1 3 4 6 11 18 24 28 31 32 35 
1 3 4 6 11 19 24 28 31 32 34 
1 3 4 6 11 19 24 28 31 32 35 
1 3 4 6 11 20 24 28 31 33 34 
1 3 4 6 11 20 24 28 31 33 35 
1 3 4 6 11 21 24 28 31 32 34 
1 3 4 6 11 21 24 28 31 32 35 
1 3 4 6 11 22 24 28 31 32 34 
1 3 4 6 11 22 24 28 31 32 35 
1 3 4 6 12 15 24 28 31 32 34 
1 3 4 6 12 15 24 28 31 32 35 
1 3 4 6 12 16 24 28 31 32 34 
1 3 4 6 12 16 24 28 31 32 35 
1 3 4 6 12 17 24 28 31 32 34 
1 3 4 6 12 17 24 28 31 32 35 
1 3 4 6 13 18 25 28 31 33 34 
1 3 4 6 13 18 25 28 31 33 35 
1 3 4 6 13 19 25 28 31 33 34 
1 3 4 6 13 20 25 28 31 33 35 
1 3 4 6 13 21 25 28 31 33 34 
1 3 4 6 13 21 25 28 31 33 35 
1 3 4 6 13 22 25 28 31 33 34 
1 3 4 6 13 22 25 28 31 33 35 

Fault 18:
0 3 4 6 9 20 25 27 31 33 34 
0 3 4 6 9 20 25 27 31 33 35 
0 3 4 6 9 21 25 26 31 33 34 
0 3 4 6 9 21 25 26 31 33 35 
0 3 4 6 9 21 25 27 31 33 34 
0 3 4 6 9 21 25 27 31 33 35 
0 3 4 6 9 22 25 26 31 33 34 
0 3 4 6 9 22 25 26 31 33 35 
0 3 4 6 9 22 25 27 31 33 34 
0 3 4 6 9 22 25 27 31 33 35 
0 3 4 6 10 14 24 26 31 32 34 
0 3 4 6 10 14 24 26 31 32 35 
0 3 4 6 10 14 24 27 31 32 34 
0 3 4 6 10 14 24 27 31 32 35 
0 3 4 6 10 15 24 26 31 32 34 
0 3 4 6 10 15 24 26 31 32 35 
0 3 4 6 10 15 24 27 31 32 34 
0 3 4 6 10 15 24 27 31 32 35 
0 3 4 6 10 16 24 26 31 32 34 
0 3 4 6 10 16 24 26 31 32 35 
0 3 4 6 10 16 24 27 31 32 34 
0 3 4 6 10 16 24 27 31 32 35 
0 3 4 6 10 17 24 26 31 32 34 
0 3 4 6 10 17 24 26 31 32 35 
0 3 4 6 10 18 24 27 31 32 34 
0 3 4 6 10 18 24 27 31 32 35 
0 3 4 6 10 19 24 26 31 32 34 
0 3 4 6 10 19 24 26 31 32 35 
0 3 4 6 10 19 24 27 31 32 34 
0 3 4 6 10 19 24 27 31 32 35 
0 3 4 6 10 20 24 26 31 33 34 
0 3 4 6 10 20 24 26 31 33 35 
0 3 4 6 10 20 24 27 31 33 34 
0 3 4 6 10 20 24 27 31 33 35 
0 3 4 6 10 21 24 26 31 32 34 
0 3 4 6 10 21 24 26 31 32 35 
0 3 4 6 10 21 24 27 31 32 34 
0 3 4 6 10 21 24 27 31 32 35 
0 3 4 6 10 22 24 26 31 32 34 
0 3 4 6 10 22 24 26 31 32 35 
0 3 4 6 10 22 24 27 31 32 34 
0 3 4 6 10 22 24 27 31 32 35 
0 3 4 6 11 14 24 26 31 32 34 
0 3 4 6 11 14 24 26 31 32 35 
0 3 4 6 11 14 24 27 31 32 34 
0 3 4 6 11 14 24 27 31 32 35 
0 3 4 6 11 15 24 26 31 32 34 
0 3 4 6 11 15 24 26 31 32 35 
0 3 4 6 11 15 24 27 31 32 34 
0 3 4 6 11 15 24 27 31 32 35 
0 3 4 6 11 16 24 26 31 32 34 
0 3 4 6 11 16 24 26 31 32 35 
0 3 4 6 11 17 24 27 31 32 34 
0 3 4 6 11 17 24 27 31 32 35 
0 3 4 6 11 18 24 26 31 32 34 
0 3 4 6 11 18 24 26 31 32 35 
0 3 4 6 11 18 24 27 31 32 34 
0 3 4 6 11 18 24 27 31 32 35 
0 3 4 6 11 19 24 26 31 32 34 
0 3 4 6 11 19 24 26 31 32 35 
0 3 4 6 11 19 24 27 31 32 34 
0 3 4 6 11 19 24 27 31 32 35 
0 3 4 6 11 20 24 26 31 33 34 
0 3 4 6 11 20 24 26 31 33 35 
0 3 4 6 11 20 24 27 31 33 34 
0 3 4 6 11 20 24 27 31 33 35 
0 3 4 6 11 21 24 26 31 32 34 
0 3 4 6 11 21 24 26 31 32 35 
0 3 4 6 11 21 24 27 31 32 34 
0 3 4 6 11 21 24 27 31 32 35 
0 3 4 6 11 22 24 26 31 32 34 
0 3 4 6 11 22 24 26 31 32 35 
0 3 4 6 11 22 24 27 31 32 34 
0 3 4 6 11 22 24 27 31 32 35 
0 3 4 6 12 14 24 26 31 32 34 
0 3 4 6 12 14 24 26 31 32 35 
0 3 4 6 12 14 24 27 31 32 34 
0 3 4 6 12 14 24 27 31 32 35 
0 3 4 6 12 15 24 26 31 32 34 
0 3 4 6 12 15 24 26 31 32 35 
0 3 4 6 12 15 24 27 31 32 34 
0 3 4 6 12 16 24 26 31 32 34 
0 3 4 6 12 16 24 27 31 32 34 
0 3 4 6 12 18 24 26 31 32 34 
0 3 4 6 12 18 24 26 31 32 35 
0 3 4 6 12 18 24 27 31 32 34 
0 3 4 6 12 18 24 27 31 32 35 
0 3 4 6 12 19 24 26 31 32 34 
0 3 4 6 12 19 24 26 31 32 35 
0 3 4 6 12 19 24 27 31 32 34 
0 3 4 6 12 19 24 27 31 32 35 
0 3 4 6 12 20 24 26 31 33 34 
0 3 4 6 12 20 24 26 31 33 35 
0 3 4 6 13 18 25 27 31 33 35 
0 3 4 6 13 19 25 29 31 33 34 
0 3 4 6 13 19 25 29 31 33 35 
1 3 4 6 9 18 25 28 31 33 34 
1 3 4 6 9 18 25 28 31 33 35 
1 3 4 6 9 19 25 28 31 33 34 
1 3 4 6 9 19 25 28 31 33 35 
1 3 4 6 9 20 25 28 31 33 34 
1 3 4 6 9 20 25 28 31 33 35 
1 3 4 6 9 22 25 28 31 33 34 
1 3 4 6 9 22 25 28 31 33 35 
1 3 4 6 10 14 24 28 31 32 34 
1 3 4 6 10 14 24 28 31 32 35 
1 3 4 6 10 15 24 28 31 32 34 
1 3 4 6 10 16 24 28 31 32 35 
1 3 4 6 10 18 24 28 31 32 34 
1 3 4 6 10 18 24 28 31 32 35 
1 3 4 6 10 19 24 28 31 32 34 
1 3 4 6 10 19 24 28 31 32 35 
1 3 4 6 10 20 24 28 31 33 34 
1 3 4 6 10 20 24 28 31 33 35 
1 3 4 6 10 21 24 28 31 32 34 
1 3 4 6 10 21 24 28 31 32 35 
1 3 4 6 10 22 24 28 31 32 34 
1 3 4 6 10 22 24 28 31 32 35 
1 3 4 6 11 15 24 28 31 32 34 
1 3 4 6 11 15 24 28 31 32 35 
1 3 4 6 11 16 24 28 31 32 34 
1 3 4 6 11 16 24 28 31 32 35 
1 3 4 6 11 17 24 28 31 32 34 
1 3 4 6 11 17 24 28 31 32 35 
1 3 4 6 11 18 24 28 31 32 34 
1 3 4 6 11 18 24 28 31 32 35 
1 3 4 6 11 19 24 28 31 32 34 
1 3 4 6 11 19 24 28 31 32 35 
1 3 4 6 11 20 24 28 31 33 34 
1 3 4 6 11 20 24 28 31 33 35 
1 3 4 6 11 21 24 28 31 32 34 
1 3 4 6 11 21 24 28 31 32 35 
1 3 4 6 11 22 24 28 31 32 34 
1 3 4 6 11 22 24 28 31 32 35 
1 3 4 6 12 15 24 28 31 32 34 
1 3 4 6 12 15 24 28 31 32 35 
1 3 4 6 12 16 24 28 31 32 34 
1 3 4 6 12 16 24 28 31 32 35 
1 3 4 6 12 17 24 28 31 32 34 
1 3 4 6 12 17 24 28 31 32 35 
1 3 4 6 13 18 25 28 31 33 34 
1 3 4 6 13 18 25 28 31 33 35 
1 3 4 6 13 19 25 28 31 33 34 
1 3 4 6 13 20 25 28 31 33 35 
1 3 4 6 13 21 25 28 31 33 34 
1 3 4 6 13 21 25 28 31 33 35 
1 3 4 6 13 22 25 28 31 33 34 
1 3 4 6 13 22 25 28 31 33 35 

Fault 19:
0 2 5 7 10 23 24 26 31 32 36 
0 2 5 7 11 23 24 26 31 32 36 
0 2 5 7 12 23 24 26 31 32 36 
0 3 4 6 8 14 25 26 31 33 34 
0 3 4 6 8 14 25 26 31 33 35 
0 3 4 6 8 14 25 27 31 33 34 
0 3 4 6 8 14 25 27 31 33 35 
0 3 4 6 8 16 25 26 31 33 34 
0 3 4 6 8 17 25 26 31 33 34 
0 3 4 6 8 17 25 26 31 33 35 
0 3 4 6 8 17 25 27 31 33 34 
0 3 4 6 8 17 25 27 31 33 35 
0 3 4 6 8 18 25 26 31 33 34 
0 3 4 6 8 18 25 26 31 33 35 
0 3 4 6 8 18 25 27 31 33 34 
0 3 4 6 8 18 25 27 31 33 35 
0 3 4 6 8 19 25 26 31 33 34 
0 3 4 6 8 19 25 26 31 33 35 
0 3 4 6 8 19 25 27 31 33 34 
0 3 4 6 8 19 25 27 31 33 35 
0 3 4 6 8 22 25 26 31 33 34 
0 3 4 6 8 22 25 26 31 33 35 
0 3 4 6 8 22 25 27 31 33 34 
0 3 4 6 8 22 25 27 31 33 35 
0 3 4 6 9 14 25 26 31 33 34 
0 3 4 6 9 14 25 26 31 33 35 
0 3 4 6 9 14 25 27 31 33 34 
0 3 4 6 9 14 25 27 31 33 35 
0 3 4 6 9 15 25 26 31 33 34 
0 3 4 6 9 15 25 26 31 33 35 
0 3 4 6 9 15 25 27 31 33 34 
0 3 4 6 9 15 25 27 31 33 35 
0 3 4 6 9 17 25 26 31 33 34 
0 3 4 6 9 17 25 26 31 33 35 
0 3 4 6 9 17 25 27 31 33 34 
0 3 4 6 9 17 25 27 31 33 35 
0 3 4 6 9 18 25 26 31 33 34 
0 3 4 6 9 18 25 26 31 33 35 
0 3 4 6 9 18 25 27 31 33 34 
0 3 4 6 9 18 25 27 31 33 35 
0 3 4 6 9 19 25 26 31 33 34 
0 3 4 6 9 19 25 26 31 33 35 
0 3 4 6 9 19 25 27 31 33 34 
0 3 4 6 9 19 25 27 31 33 35 
0 3 4 6 9 22 25 26 31 33 35 
0 3 4 6 10 15 24 26 31 32 34 
0 3 4 6 10 15 24 26 31 32 35 
0 3 4 6 10 15 24 27 31 32 34 
0 3 4 6 10 15 24 27 31 32 35 
0 3 4 6 10 16 24 26 31 32 34 
0 3 4 6 10 16 24 26 31 32 35 
0 3 4 6 10 16 24 27 31 32 34 
0 3 4 6 10 16 24 27 31 32 35 
0 3 4 6 10 17 24 26 31 32 34 
0 3 4 6 10 17 24 26 31 32 35 
0 3 4 6 10 17 24 27 31 32 34 
0 3 4 6 10 17 24 27 31 32 35 
0 3 4 6 10 20 24 26 31 33 34 
0 3 4 6 10 20 24 27 31 33 34 
0 3 4 6 10 20 24 27 31 33 35 
0 3 4 6 10 21 24 26 31 32 35 
0 3 4 6 11 14 24 26 31 32 34 
0 3 4 6 11 14 24 26 31 32 35 
0 3 4 6 11 14 24 27 31 32 34 
0 3 4 6 11 14 24 27 31 32 35 
0 3 4 6 11 15 24 26 31 32 34 
0 3 4 6 11 15 24 26 31 32 35 
0 3 4 6 11 15 24 27 31 32 34 
0 3 4 6 11 15 24 27 31 32 35 
0 3 4 6 11 17 24 26 31 32 34 
0 3 4 6 11 17 24 26 31 32 35 
0 3 4 6 11 17 24 27 31 32 34 
0 3 4 6 11 17 24 27 31 32 35 
0 3 4 6 11 18 24 26 31 32 34 
0 3 4 6 11 18 24 26 31 32 35 
0 3 4 6 11 18 24 27 31 32 34 
0 3 4 6 11 19 24 26 31 32 34 
0 3 4 6 11 19 24 26 31 32 35 
0 3 4 6 11 19 24 27 31 32 34 
0 3 4 6 11 19 24 27 31 32 35 
0 3 4 6 11 20 24 26 31 33 34 
0 3 4 6 11 20 24 26 31 33 35 
0 3 4 6 11 20 24 27 31 33 34 
0 3 4 6 11 20 24 27 31 33 35 
0 3 4 6 11 21 24 26 31 32 34 
0 3 4 6 11 21 24 26 31 32 35 
0 3 4 6 11 21 24 27 31 32 34 
0 3 4 6 11 21 24 27 31 32 35 
0 3 4 6 11 22 24 26 31 32 34 
0 3 4 6 11 22 24 26 31 32 35 
0 3 4 6 11 22 24 27 31 32 34 
0 3 4 6 11 22 24 27 31 32 35 
0 3 4 6 12 14 24 26 31 32 34 
0 3 4 6 12 14 24 26 31 32 35 
0 3 4 6 12 14 24 27 31 32 34 
0 3 4 6 12 14 24 27 31 32 35 
0 3 4 6 12 15 24 26 31 32 34 
0 3 4 6 12 15 24 26 31 32 35 
0 3 4 6 12 15 24 27 31 32 34 
0 3 4 6 12 15 24 27 31 32 35 
0 3 4 6 12 17 24 26 31 32 34 
0 3 4 6 12 17 24 26 31 32 35 
0 3 4 6 12 17 24 27 31 32 34 
0 3 4 6 12 17 24 27 31 32 35 
0 3 4 6 12 18 24 26 31 32 34 
0 3 4 6 12 18 24 27 31 32 34 
0 3 4 6 12 20 24 27 31 33 35 
0 3 4 6 12 22 24 26 31 32 34 
0 3 4 6 12 22 24 26 31 32 35 
0 3 4 6 12 22 24 27 31 32 34 
0 3 4 6 12 22 24 27 31 32 35 
0 3 4 6 13 14 25 26 31 33 34 
0 3 4 6 13 14 25 26 31 33 35 
0 3 4 6 13 14 25 27 31 33 34 
0 3 4 6 13 14 25 27 31 33 35 
0 3 4 6 13 15 25 26 31 33 34 
0 3 4 6 13 15 25 26 31 33 35 
0 3 4 6 13 15 25 27 31 33 34 
0 3 4 6 13 15 25 27 31 33 35 
0 3 4 6 13 16 25 26 31 33 34 
0 3 4 6 13 16 25 26 31 33 35 
0 3 4 6 13 16 25 27 31 33 34 
0 3 4 6 13 16 25 27 31 33 35 
0 3 4 6 13 17 25 26 31 33 34 
0 3 4 6 13 17 25 26 31 33 35 
0 3 4 6 13 17 25 27 31 33 34 
0 3 4 6 13 17 25 27 31 33 35 
1 2 5 7 10 23 24 28 31 32 36 
1 2 5 7 11 23 24 28 31 32 36 
1 2 5 7 12 23 24 28 31 32 36 
1 3 4 6 8 15 25 28 31 33 34 
1 3 4 6 8 15 25 28 31 33 35 
1 3 4 6 8 16 25 28 31 33 34 
1 3 4 6 8 16 25 28 31 33 35 
1 3 4 6 8 19 25 28 31 33 34 
1 3 4 6 8 19 25 28 31 33 35 
1 3 4 6 9 15 25 28 31 33 34 
1 3 4 6 9 15 25 28 31 33 35 
1 3 4 6 9 16 25 28 31 33 34 
1 3 4 6 9 16 25 28 31 33 35 
1 3 4 6 9 19 25 28 31 33 34 
1 3 4 6 9 19 25 28 31 33 35 
1 3 4 6 10 14 24 28 31 32 34 
1 3 4 6 10 14 24 28 31 32 35 
1 3 4 6 10 15 24 28 31 32 34 
1 3 4 6 10 15 24 28 31 32 35 
1 3 4 6 10 16 24 28 31 32 34 
1 3 4 6 10 16 24 28 31 32 35 
1 3 4 6 10 17 24 28 31 32 34 
1 3 4 6 10 17 24 28 31 32 35 
1 3 4 6 10 19 24 28 31 32 35 
1 3 4 6 10 20 24 28 31 33 34 
1 3 4 6 10 20 24 28 31 33 35 
1 3 4 6 10 21 24 28 31 32 34 
1 3 4 6 10 21 24 28 31 32 35 
1 3 4 6 10 22 24 28 31 32 34 
1 3 4 6 10 22 24 28 31 32 35 
1 3 4 6 11 14 24 28 31 32 34 
1 3 4 6 11 14 24 28 31 32 35 
1 3 4 6 11 15 24 28 31 32 34 
1 3 4 6 11 15 24 28 31 32 35 
1 3 4 6 11 17 24 28 31 32 34 
1 3 4 6 11 17 24 28 31 32 35 
1 3 4 6 11 18 24 28 31 32 34 
1 3 4 6 11 18 24 28 31 32 35 
1 3 4 6 11 19 24 28 31 32 34 
1 3 4 6 11 19 24 28 31 32 35 
1 3 4 6 11 20 24 28 31 33 34 
1 3 4 6 11 20 24 28 31 33 35 
1 3 4 6 11 21 24 28 31 32 34 
1 3 4 6 11 21 24 28 31 32 35 
1 3 4 6 11 22 24 28 31 32 34 
1 3 4 6 11 22 24 28 31 32 35 
1 3 4 6 12 14 24 28 31 32 34 
1 3 4 6 12 14 24 28 31 32 35 
1 3 4 6 12 15 24 28 31 32 34 
1 3 4 6 12 15 24 28 31 32 35 
1 3 4 6 12 17 24 28 31 32 34 
1 3 4 6 12 17 24 28 31 32 35 
1 3 4 6 12 18 24 28 31 32 34 
1 3 4 6 12 18 24 28 31 32 35 
1 3 4 6 12 19 24 28 31 32 34 
1 3 4 6 12 19 24 28 31 32 35 
1 3 4 6 12 20 24 28 31 33 34 
1 3 4 6 12 20 24 28 31 33 35 
1 3 4 6 12 21 24 28 31 32 34 
1 3 4 6 12 21 24 28 31 32 35 
1 3 4 6 12 22 24 28 31 32 34 
1 3 4 6 12 22 24 28 31 32 35 
1 3 4 6 13 16 25 28 31 33 35 
1 3 4 6 13 19 25 28 31 33 34 
1 3 4 6 13 19 25 28 31 33 35 
1 3 4 6 13 20 25 28 31 33 34 
1 3 4 6 13 20 25 28 31 33 35 

Fault 20:
0 2 5 7 10 23 24 26 31 32 36 
0 2 5 7 11 23 24 26 31 32 36 
0 2 5 7 12 23 24 26 31 32 36 
0 3 4 6 8 19 25 26 31 33 34 
0 3 4 6 8 19 25 26 31 33 35 
0 3 4 6 8 19 25 27 31 33 34 
0 3 4 6 8 19 25 27 31 33 35 
0 3 4 6 8 20 25 26 31 33 34 
0 3 4 6 8 20 25 26 31 33 35 
0 3 4 6 8 20 25 27 31 33 34 
0 3 4 6 8 20 25 27 31 33 35 
0 3 4 6 9 19 25 26 31 33 34 
0 3 4 6 9 19 25 26 31 33 35 
0 3 4 6 9 19 25 27 31 33 34 
0 3 4 6 9 19 25 27 31 33 35 
0 3 4 6 9 20 25 26 31 33 34 
0 3 4 6 9 20 25 26 31 33 35 
0 3 4 6 9 20 25 27 31 33 34 
0 3 4 6 9 20 25 27 31 33 35 
0 3 4 6 10 14 24 26 31 32 34 
0 3 4 6 10 14 24 26 31 32 35 
0 3 4 6 10 14 24 27 31 32 34 
0 3 4 6 10 14 24 27 31 32 35 
0 3 4 6 10 15 24 26 31 32 34 
0 3 4 6 10 15 24 26 31 32 35 
0 3 4 6 10 15 24 27 31 32 34 
0 3 4 6 10 15 24 27 31 32 35 
0 3 4 6 10 16 24 26 31 32 34 
0 3 4 6 10 16 24 26 31 32 35 
0 3 4 6 10 16 24 27 31 32 34 
0 3 4 6 10 16 24 27 31 32 35 
0 3 4 6 10 17 24 26 31 32 34 
0 3 4 6 10 17 24 26 31 32 35 
0 3 4 6 10 17 24 27 31 32 34 
0 3 4 6 10 17 24 27 31 32 35 
0 3 4 6 10 18 24 26 31 32 34 
0 3 4 6 10 18 24 26 31 32 35 
0 3 4 6 10 18 24 27 31 32 34 
0 3 4 6 10 18 24 27 31 32 35 
0 3 4 6 10 19 24 26 31 32 34 
0 3 4 6 10 19 24 26 31 32 35 
0 3 4 6 10 19 24 27 31 32 34 
0 3 4 6 10 19 24 27 31 32 35 
0 3 4 6 10 20 24 26 31 33 34 
0 3 4 6 10 20 24 26 31 33 35 
0 3 4 6 10 20 24 27 31 33 34 
0 3 4 6 10 20 24 27 31 33 35 
0 3 4 6 10 21 24 26 31 32 34 
0 3 4 6 10 21 24 26 31 32 35 
0 3 4 6 10 21 24 27 31 32 34 
0 3 4 6 10 21 24 27 31 32 35 
0 3 4 6 10 22 24 26 31 32 34 
0 3 4 6 10 22 24 26 31 32 35 
0 3 4 6 10 22 24 27 31 32 34 
0 3 4 6 10 22 24 27 31 32 35 
0 3 4 6 11 14 24 26 31 32 34 
0 3 4 6 11 14 24 26 31 32 35 
0 3 4 6 11 14 24 27 31 32 34 
0 3 4 6 11 14 24 27 31 32 35 
0 3 4 6 11 15 24 26 31 32 34 
0 3 4 6 11 15 24 26 31 32 35 
0 3 4 6 11 15 24 27 31 32 34 
0 3 4 6 11 15 24 27 31 32 35 
0 3 4 6 11 16 24 26 31 32 34 
0 3 4 6 11 16 24 26 31 32 35 
0 3 4 6 11 16 24 27 31 32 34 
0 3 4 6 11 16 24 27 31 32 35 
0 3 4 6 11 17 24 26 31 32 34 
0 3 4 6 11 17 24 26 31 32 35 
0 3 4 6 11 17 24 27 31 32 34 
0 3 4 6 11 17 24 27 31 32 35 
0 3 4 6 11 18 24 26 31 32 34 
0 3 4 6 11 18 24 26 31 32 35 
0 3 4 6 11 18 24 27 31 32 34 
0 3 4 6 11 18 24 27 31 32 35 
0 3 4 6 11 19 24 26 31 32 34 
0 3 4 6 11 19 24 26 31 32 35 
0 3 4 6 11 19 24 27 31 32 34 
0 3 4 6 11 19 24 27 31 32 35 
0 3 4 6 11 20 24 26 31 33 34 
0 3 4 6 11 20 24 26 31 33 35 
0 3 4 6 11 20 24 27 31 33 34 
0 3 4 6 11 20 24 27 31 33 35 
0 3 4 6 11 21 24 26 31 32 34 
0 3 4 6 11 21 24 26 31 32 35 
0 3 4 6 11 21 24 27 31 32 34 
0 3 4 6 11 21 24 27 31 32 35 
0 3 4 6 11 22 24 26 31 32 34 
0 3 4 6 11 22 24 26 31 32 35 
0 3 4 6 11 22 24 27 31 32 34 
0 3 4 6 11 22 24 27 31 32 35 
0 3 4 6 12 14 24 26 31 32 34 
0 3 4 6 12 14 24 26 31 32 35 
0 3 4 6 12 14 24 27 31 32 34 
0 3 4 6 12 14 24 27 31 32 35 
0 3 4 6 12 15 24 26 31 32 34 
0 3 4 6 12 15 24 26 31 32 35 
0 3 4 6 12 15 24 27 31 32 34 
0 3 4 6 12 15 24 27 31 32 35 
0 3 4 6 12 16 24 26 31 32 34 
0 3 4 6 12 16 24 26 31 32 35 
0 3 4 6 12 16 24 27 31 32 34 
0 3 4 6 12 16 24 27 31 32 35 
0 3 4 6 12 17 24 26 31 32 34 
0 3 4 6 12 17 24 26 31 32 35 
0 3 4 6 12 17 24 27 31 32 34 
0 3 4 6 12 17 24 27 31 32 35 
0 3 4 6 12 18 24 26 31 32 34 
0 3 4 6 12 18 24 26 31 32 35 
0 3 4 6 12 18 24 27 31 32 34 
0 3 4 6 12 18 24 27 31 32 35 
0 3 4 6 12 19 24 26 31 32 34 
0 3 4 6 12 19 24 26 31 32 35 
0 3 4 6 12 19 24 27 31 32 34 
0 3 4 6 12 19 24 27 31 32 35 
0 3 4 6 12 20 24 26 31 33 34 
0 3 4 6 12 20 24 26 31 33 35 
0 3 4 6 12 20 24 27 31 33 34 
0 3 4 6 12 20 24 27 31 33 35 
0 3 4 6 12 21 24 26 31 32 34 
0 3 4 6 12 21 24 26 31 32 35 
0 3 4 6 12 21 24 27 31 32 34 
0 3 4 6 12 21 24 27 31 32 35 
0 3 4 6 12 22 24 26 31 32 34 
0 3 4 6 12 22 24 26 31 32 35 
0 3 4 6 12 22 24 27 31 32 34 
0 3 4 6 12 22 24 27 31 32 35 
0 3 4 6 13 19 25 29 31 33 34 
0 3 4 6 13 19 25 29 31 33 35 
0 3 4 6 13 20 25 29 31 33 34 
0 3 4 6 13 20 25 29 31 33 35 
1 2 5 7 10 23 24 28 31 32 36 
1 2 5 7 11 23 24 28 31 32 36 
1 2 5 7 12 23 24 28 31 32 36 
1 3 4 6 8 19 25 28 31 33 34 
1 3 4 6 8 19 25 28 31 33 35 
1 3 4 6 8 20 25 28 31 33 34 
1 3 4 6 8 20 25 28 31 33 35 
1 3 4 6 9 19 25 28 31 33 34 
1 3 4 6 9 19 25 28 31 33 35 
1 3 4 6 9 20 25 28 31 33 34 
1 3 4 6 9 20 25 28 31 33 35 
1 3 4 6 10 14 24 28 31 32 34 
1 3 4 6 10 14 24 28 31 32 35 
1 3 4 6 10 15 24 28 31 32 34 
1 3 4 6 10 15 24 28 31 32 35 
1 3 4 6 10 16 24 28 31 32 34 
1 3 4 6 10 16 24 28 31 32 35 
1 3 4 6 10 17 24 28 31 32 34 
1 3 4 6 10 17 24 28 31 32 35 
1 3 4 6 10 18 24 28 31 32 34 
1 3 4 6 10 18 24 28 31 32 35 
1 3 4 6 10 19 24 28 31 32 34 
1 3 4 6 10 19 24 28 31 32 35 
1 3 4 6 10 20 24 28 31 33 34 
1 3 4 6 10 20 24 28 31 33 35 
1 3 4 6 10 21 24 28 31 32 34 
1 3 4 6 10 21 24 28 31 32 35 
1 3 4 6 10 22 24 28 31 32 34 
1 3 4 6 10 22 24 28 31 32 35 
1 3 4 6 11 14 24 28 31 32 34 
1 3 4 6 11 14 24 28 31 32 35 
1 3 4 6 11 15 24 28 31 32 34 
1 3 4 6 11 15 24 28 31 32 35 
1 3 4 6 11 16 24 28 31 32 34 
1 3 4 6 11 16 24 28 31 32 35 
1 3 4 6 11 17 24 28 31 32 34 
1 3 4 6 11 17 24 28 31 32 35 
1 3 4 6 11 18 24 28 31 32 34 
1 3 4 6 11 18 24 28 31 32 35 
1 3 4 6 11 19 24 28 31 32 34 
1 3 4 6 11 19 24 28 31 32 35 
1 3 4 6 11 20 24 28 31 33 34 
1 3 4 6 11 20 24 28 31 33 35 
1 3 4 6 11 21 24 28 31 32 34 
1 3 4 6 11 21 24 28 31 32 35 
1 3 4 6 11 22 24 28 31 32 34 
1 3 4 6 11 22 24 28 31 32 35 
1 3 4 6 12 14 24 28 31 32 34 
1 3 4 6 12 14 24 28 31 32 35 
1 3 4 6 12 15 24 28 31 32 34 
1 3 4 6 12 15 24 28 31 32 35 
1 3 4 6 12 16 24 28 31 32 34 
1 3 4 6 12 16 24 28 31 32 35 
1 3 4 6 12 17 24 28 31 32 34 
1 3 4 6 12 17 24 28 31 32 35 
1 3 4 6 12 18 24 28 31 32 34 
1 3 4 6 12 18 24 28 31 32 35 
1 3 4 6 12 19 24 28 31 32 34 
1 3 4 6 12 19 24 28 31 32 35 
1 3 4 6 12 20 24 28 31 33 34 
1 3 4 6 12 20 24 28 31 33 35 
1 3 4 6 12 21 24 28 31 32 34 
1 3 4 6 12 21 24 28 31 32 35 
1 3 4 6 12 22 24 28 31 32 34 
1 3 4 6 12 22 24 28 31 32 35 
1 3 4 6 13 19 25 28 31 33 34 
1 3 4 6 13 19 25 28 31 33 35 
1 3 4 6 13 20 25 28 31 33 34 
1 3 4 6 13 20 25 28 31 33 35 

Fault 21:
0 2 5 7 8 23 25 26 31 33 36 
0 3 4 6 8 14 25 26 31 33 34 
0 3 4 6 8 14 25 26 31 33 35 
0 3 4 6 8 14 25 27 31 33 34 
0 3 4 6 8 14 25 27 31 33 35 
0 3 4 6 8 16 25 26 31 33 34 
0 3 4 6 8 16 25 26 31 33 35 
0 3 4 6 8 16 25 27 31 33 35 
0 3 4 6 8 17 25 26 31 33 34 
0 3 4 6 8 17 25 26 31 33 35 
0 3 4 6 8 17 25 27 31 33 34 
0 3 4 6 8 17 25 27 31 33 35 
0 3 4 6 8 18 25 26 31 33 34 
0 3 4 6 8 18 25 26 31 33 35 
0 3 4 6 8 18 25 27 31 33 34 
0 3 4 6 8 18 25 27 31 33 35 
0 3 4 6 8 19 25 26 31 33 34 
0 3 4 6 8 19 25 26 31 33 35 
0 3 4 6 8 19 25 27 31 33 34 
0 3 4 6 8 19 25 27 31 33 35 
0 3 4 6 8 20 25 26 31 33 34 
0 3 4 6 8 20 25 26 31 33 35 
0 3 4 6 8 20 25 27 31 33 34 
0 3 4 6 8 20 25 27 31 33 35 
0 3 4 6 8 22 25 26 31 33 34 
0 3 4 6 8 22 25 26 31 33 35 
0 3 4 6 8 22 25 27 31 33 34 
0 3 4 6 8 22 25 27 31 33 35 
0 3 4 6 9 14 25 26 31 33 34 
0 3 4 6 9 14 25 26 31 33 35 
0 3 4 6 9 14 25 27 31 33 34 
0 3 4 6 9 14 25 27 31 33 35 
0 3 4 6 9 15 25 26 31 33 34 
0 3 4 6 9 15 25 26 31 33 35 
0 3 4 6 9 15 25 27 31 33 34 
0 3 4 6 9 15 25 27 31 33 35 
0 3 4 6 9 16 25 26 31 33 34 
0 3 4 6 9 16 25 26 31 33 35 
0 3 4 6 9 16 25 27 31 33 34 
0 3 4 6 9 16 25 27 31 33 35 
0 3 4 6 9 17 25 26 31 33 34 
0 3 4 6 9 17 25 26 31 33 35 
0 3 4 6 9 17 25 27 31 33 34 
0 3 4 6 9 17 25 27 31 33 35 
0 3 4 6 9 18 25 26 31 33 34 
0 3 4 6 9 18 25 26 31 33 35 
0 3 4 6 9 18 25 27 31 33 34 
0 3 4 6 9 18 25 27 31 33 35 
0 3 4 6 9 19 25 26 31 33 34 
0 3 4 6 9 19 25 26 31 33 35 
0 3 4 6 9 19 25 27 31 33 34 
0 3 4 6 9 19 25 27 31 33 35 
0 3 4 6 9 20 25 26 31 33 34 
0 3 4 6 9 20 25 26 31 33 35 
0 3 4 6 9 20 25 27 31 33 34 
0 3 4 6 9 20 25 27 31 33 35 
0 3 4 6 9 22 25 26 31 33 34 
0 3 4 6 9 22 25 26 31 33 35 
0 3 4 6 9 22 25 27 31 33 34 
0 3 4 6 10 14 24 26 31 32 34 
0 3 4 6 10 14 24 26 31 32 35 
0 3 4 6 10 14 24 27 31 32 34 
0 3 4 6 10 14 24 27 31 32 35 
0 3 4 6 10 15 24 26 31 32 34 
0 3 4 6 10 15 24 26 31 32 35 
0 3 4 6 10 15 24 27 31 32 34 
0 3 4 6 10 15 24 27 31 32 35 
0 3 4 6 10 16 24 26 31 32 34 
0 3 4 6 10 16 24 26 31 32 35 
0 3 4 6 10 16 24 27 31 32 34 
0 3 4 6 10 16 24 27 31 32 35 
0 3 4 6 10 17 24 26 31 32 34 
0 3 4 6 10 17 24 26 31 32 35 
0 3 4 6 10 17 24 27 31 32 34 
0 3 4 6 10 17 24 27 31 32 35 
0 3 4 6 10 19 24 26 31 32 34 
0 3 4 6 10 19 24 26 31 32 35 
0 3 4 6 10 19 24 27 31 32 34 
0 3 4 6 10 19 24 27 31 32 35 
0 3 4 6 10 20 24 26 31 33 34 
0 3 4 6 10 20 24 26 31 33 35 
0 3 4 6 10 20 24 27 31 33 34 
0 3 4 6 10 20 24 27 31 33 35 
0 3 4 6 11 14 24 26 31 32 34 
0 3 4 6 11 14 24 26 31 32 35 
0 3 4 6 11 14 24 27 31 32 34 
0 3 4 6 11 14 24 27 31 32 35 
0 3 4 6 11 15 24 26 31 32 34 
0 3 4 6 11 15 24 26 31 32 35 
0 3 4 6 11 15 24 27 31 32 34 
0 3 4 6 11 15 24 27 31 32 35 
0 3 4 6 11 16 24 26 31 32 34 
0 3 4 6 11 16 24 26 31 32 35 
0 3 4 6 11 16 24 27 31 32 34 
0 3 4 6 11 16 24 27 31 32 35 
0 3 4 6 11 17 24 26 31 32 34 
0 3 4 6 11 17 24 26 31 32 35 
0 3 4 6 11 17 24 27 31 32 34 
0 3 4 6 11 17 24 27 31 32 35 
0 3 4 6 11 18 24 26 31 32 34 
0 3 4 6 11 19 24 26 31 32 34 
0 3 4 6 11 19 24 26 31 32 35 
0 3 4 6 11 19 24 27 31 32 34 
0 3 4 6 11 19 24 27 31 32 35 
0 3 4 6 11 21 24 26 31 32 34 
0 3 4 6 11 21 24 26 31 32 35 
0 3 4 6 11 21 24 27 31 32 34 
0 3 4 6 11 21 24 27 31 32 35 
0 3 4 6 12 14 24 26 31 32 34 
0 3 4 6 12 14 24 26 31 32 35 
0 3 4 6 12 14 24 27 31 32 34 
0 3 4 6 12 14 24 27 31 32 35 
0 3 4 6 12 15 24 26 31 32 34 
0 3 4 6 12 15 24 26 31 32 35 
0 3 4 6 12 15 24 27 31 32 34 
0 3 4 6 12 15 24 27 31 32 35 
0 3 4 6 12 16 24 26 31 32 34 
0 3 4 6 12 16 24 26 31 32 35 
0 3 4 6 12 16 24 27 31 32 34 
0 3 4 6 12 16 24 27 31 32 35 
0 3 4 6 12 17 24 26 31 32 34 
0 3 4 6 12 17 24 26 31 32 35 
0 3 4 6 12 17 24 27 31 32 34 
0 3 4 6 12 17 24 27 31 32 35 
0 3 4 6 12 18 24 26 31 32 34 
0 3 4 6 12 18 24 26 31 32 35 
0 3 4 6 12 18 24 27 31 32 34 
0 3 4 6 12 18 24 27 31 32 35 
0 3 4 6 12 19 24 26 31 32 34 
0 3 4 6 12 19 24 26 31 32 35 
0 3 4 6 12 19 24 27 31 32 34 
0 3 4 6 12 19 24 27 31 32 35 
0 3 4 6 12 20 24 26 31 33 34 
0 3 4 6 12 20 24 26 31 33 35 
0 3 4 6 12 20 24 27 31 33 34 
0 3 4 6 12 20 24 27 31 33 35 
0 3 4 6 12 21 24 26 31 32 34 
0 3 4 6 12 21 24 26 31 32 35 
0 3 4 6 12 21 24 27 31 32 34 
0 3 4 6 12 21 24 27 31 32 35 
0 3 4 6 13 14 25 26 31 33 34 
0 3 4 6 13 14 25 26 31 33 35 
0 3 4 6 13 14 25 27 31 33 34 
0 3 4 6 13 14 25 27 31 33 35 
0 3 4 6 13 15 25 26 31 33 34 
0 3 4 6 13 15 25 26 31 33 35 
0 3 4 6 13 15 25 27 31 33 34 
0 3 4 6 13 15 25 27 31 33 35 
0 3 4 6 13 16 25 26 31 33 34 
0 3 4 6 13 16 25 26 31 33 35 
0 3 4 6 13 16 25 27 31 33 34 
0 3 4 6 13 16 25 27 31 33 35 
0 3 4 6 13 17 25 26 31 33 34 
0 3 4 6 13 17 25 26 31 33 35 
0 3 4 6 13 17 25 27 31 33 34 
0 3 4 6 13 17 25 27 31 33 35 
0 3 4 6 13 19 25 29 31 33 34 
0 3 4 6 13 19 25 29 31 33 35 
0 3 4 6 13 20 25 29 31 33 34 
0 3 4 6 13 20 25 29 31 33 35 
1 2 5 7 8 23 25 28 31 33 36 
1 3 4 6 8 14 25 28 31 33 34 
1 3 4 6 8 14 25 28 31 33 35 
1 3 4 6 8 15 25 28 31 33 34 
1 3 4 6 8 15 25 28 31 33 35 
1 3 4 6 8 16 25 28 31 33 34 
1 3 4 6 8 16 25 28 31 33 35 
1 3 4 6 8 19 25 28 31 33 34 
1 3 4 6 8 19 25 28 31 33 35 
1 3 4 6 8 20 25 28 31 33 34 
1 3 4 6 8 20 25 28 31 33 35 
1 3 4 6 9 14 25 28 31 33 34 
1 3 4 6 9 14 25 28 31 33 35 
1 3 4 6 9 15 25 28 31 33 34 
1 3 4 6 9 15 25 28 31 33 35 
1 3 4 6 9 16 25 28 31 33 34 
1 3 4 6 9 16 25 28 31 33 35 
1 3 4 6 9 19 25 28 31 33 34 
1 3 4 6 9 19 25 28 31 33 35 
1 3 4 6 9 20 25 28 31 33 34 
1 3 4 6 9 20 25 28 31 33 35 
1 3 4 6 10 16 24 28 31 32 34 
1 3 4 6 10 16 24 28 31 32 35 
1 3 4 6 10 19 24 28 31 32 35 
1 3 4 6 10 20 24 28 31 33 34 
1 3 4 6 10 20 24 28 31 33 35 
1 3 4 6 10 21 24 28 31 32 34 
1 3 4 6 10 21 24 28 31 32 35 
1 3 4 6 10 22 24 28 31 32 34 
1 3 4 6 10 22 24 28 31 32 35 
1 3 4 6 11 14 24 28 31 32 34 
1 3 4 6 11 14 24 28 31 32 35 
1 3 4 6 11 15 24 28 31 32 34 
1 3 4 6 11 15 24 28 31 32 35 
1 3 4 6 11 16 24 28 31 32 34 
1 3 4 6 11 16 24 28 31 32 35 
1 3 4 6 11 17 24 28 31 32 34 
1 3 4 6 11 17 24 28 31 32 35 
1 3 4 6 11 18 24 28 31 32 34 
1 3 4 6 11 19 24 28 31 32 34 
1 3 4 6 11 19 24 28 31 32 35 
1 3 4 6 11 20 24 28 31 33 34 
1 3 4 6 11 20 24 28 31 33 35 
1 3 4 6 11 21 24 28 31 32 34 
1 3 4 6 11 21 24 28 31 32 35 
1 3 4 6 12 14 24 28 31 32 34 
1 3 4 6 12 14 24 28 31 32 35 
1 3 4 6 12 15 24 28 31 32 34 
1 3 4 6 12 15 24 28 31 32 35 
1 3 4 6 12 16 24 28 31 32 34 
1 3 4 6 12 16 24 28 31 32 35 
1 3 4 6 12 17 24 28 31 32 34 
1 3 4 6 12 17 24 28 31 32 35 
1 3 4 6 12 19 24 28 31 32 34 
1 3 4 6 12 19 24 28 31 32 35 
1 3 4 6 12 20 24 28 31 33 34 
1 3 4 6 12 20 24 28 31 33 35 
1 3 4 6 12 21 24 28 31 32 34 
1 3 4 6 12 21 24 28 31 32 35 
1 3 4 6 12 22 24 28 31 32 34 
1 3 4 6 12 22 24 28 31 32 35 
1 3 4 6 13 14 25 28 31 33 34 
1 3 4 6 13 14 25 28 31 33 35 
1 3 4 6 13 15 25 28 31 33 34 
1 3 4 6 13 15 25 28 31 33 35 
1 3 4 6 13 16 25 28 31 33 34 
1 3 4 6 13 16 25 28 31 33 35 
1 3 4 6 13 19 25 28 31 33 34 
1 3 4 6 13 19 25 28 31 33 35 
1 3 4 6 13 20 25 28 31 33 34 
1 3 4 6 13 20 25 28 31 33 35 
